-2	0.5	241.536
-1.9	0.5	247.239
-1.8	0.5	252.714
-1.7	0.5	255.042
-1.6	0.5	257.074
-1.5	0.5	255.774
-1.4	0.5	247.405
-1.1	0.5	70.1774
-1	0.5	1.66954
-0.8	0.5	35.0104
-0.7	0.5	98.1586
-0.6	0.5	38.0772
-0.5	0.5	142.753
-0.4	0.5	290.46
-0.3	0.5	456.627
-0.2	0.5	451.506
-0.0999997	0.5	340.048
3.11434e-07	0.5	154.42
0.1	0.5	53.0542
0.2	0.5	1.7225
0.3	0.5	27.5106
0.4	0.5	168.862
0.5	0.5	553.653
0.6	0.5	1144.87
0.7	0.5	14.7166
0.8	0.5	4082.93
0.9	0.5	4082.93
1	0.5	4082.93
1.3	0.5	4082.93
1.5	0.5	4082.93
1.6	0.5	4082.93
1.7	0.5	4082.93
1.8	0.5	4082.93
2	0.5	4082.93
-1.8	0.6	233.735
-1.7	0.6	246.679
-1.6	0.6	259.803
-1.5	0.6	272.553
-1.4	0.6	283.448
-1	0.6	217.445
-0.7	0.6	97.8079
-0.6	0.6	179.963
-0.5	0.6	4082.93
-0.4	0.6	361.272
-0.3	0.6	1107.06
-0.2	0.6	540.963
-0.0999997	0.6	327.286
3.11434e-07	0.6	214.546
0.1	0.6	113.613
0.2	0.6	34.086
0.3	0.6	0.160698
0.4	0.6	51.2991
0.5	0.6	262.031
0.6	0.6	760.293
0.7	0.6	1028.07
0.8	0.6	212.083
0.9	0.6	4082.93
1	0.6	4082.93
1.1	0.6	4082.93
1.3	0.6	4082.93
1.4	0.6	4082.93
1.6	0.6	4082.93
1.7	0.6	4082.93
1.8	0.6	4082.93
1.9	0.6	4082.93
2	0.6	4082.93
-2	0.7	37.9771
-1.9	0.7	67.1453
-1	0.7	274.191
-0.9	0.7	3693.98
-0.8	0.7	80.2187
-0.7	0.7	824.327
-0.6	0.7	3363.96
-0.5	0.7	1301.25
-0.4	0.7	217.559
-0.3	0.7	569.344
-0.2	0.7	528.372
-0.0999997	0.7	404.284
3.11434e-07	0.7	258.819
0.1	0.7	159.382
0.2	0.7	69.846
0.3	0.7	12.6547
0.4	0.7	8.39409
0.5	0.7	110.349
0.6	0.7	436.325
0.7	0.7	1053.84
0.8	0.7	52.9985
0.9	0.7	315.542
1	0.7	4082.93
1.1	0.7	4082.93
1.2	0.7	4082.93
1.3	0.7	4082.93
1.4	0.7	4082.93
1.6	0.7	4082.93
1.7	0.7	4082.93
1.8	0.7	4082.93
1.9	0.7	4082.93
-1.9	0.8	268.902
-1.8	0.8	306.936
-1.7	0.8	13.2878
-1.6	0.8	1.1511
-1.5	0.8	21.5077
-1.4	0.8	52.299
-1.3	0.8	86.2997
-1.2	0.8	157.478
-1.1	0.8	148.238
-0.8	0.8	21.3645
-0.7	0.8	1085.47
-0.6	0.8	4082.93
-0.5	0.8	4082.93
-0.4	0.8	1312.65
-0.3	0.8	2777.57
-0.2	0.8	559.404
-0.0999997	0.8	398.435
3.11434e-07	0.8	287.356
0.1	0.8	196.524
0.2	0.8	111.193
0.3	0.8	39.0307
0.4	0.8	0.689359
0.5	0.8	39.2544
0.6	0.8	235.325
0.7	0.8	735.547
0.8	0.8	943.365
0.9	0.8	111.884
1	0.8	4082.93
1.2	0.8	4082.93
1.3	0.8	4082.93
1.5	0.8	4082.93
1.6	0.8	4082.93
1.7	0.8	4082.93
1.8	0.8	4082.93
2	0.8	4082.93
-2	0.9	3.19046
-1.9	0.9	30.0939
-1.8	0.9	102.795
-1.3	0.9	117.77
-1.2	0.9	43.3965
-1.1	0.9	38.1832
-0.8	0.9	542.67
-0.7	0.9	203.31
-0.6	0.9	3632.42
-0.5	0.9	4082.93
-0.4	0.9	1609.44
-0.3	0.9	643.889
-0.2	0.9	505.603
-0.0999997	0.9	410.097
3.11434e-07	0.9	317.463
0.1	0.9	231.359
0.2	0.9	148.785
0.3	0.9	67.362
0.4	0.9	12.2456
0.5	0.9	8.75405
0.6	0.9	120.248
0.7	0.9	471.56
0.8	0.9	1104.73
0.9	0.9	2.3321
1	0.9	799.339
1.1	0.9	4082.93
1.3	0.9	4082.93
1.4	0.9	4082.93
1.5	0.9	4082.93
1.8	0.9	4082.93
1.9	0.9	4082.93
-1.7	1	328.242
-1.6	1	44.029
-1.5	1	2.11548
-1.4	1	31.1912
-1.3	1	149.501
-1.2	1	205.403
-1.1	1	558.541
-1	1	1672.41
-0.9	1	637.601
-0.8	1	112.712
-0.7	1	0.677062
-0.6	1	224.595
-0.5	1	1863.68
-0.4	1	1253.6
-0.3	1	650.815
-0.2	1	541.785
-0.0999997	1	417.415
3.11434e-07	1	338.609
0.1	1	258.658
0.2	1	176.04
0.3	1	100.019
0.4	1	32.6598
0.5	1	0.00158728
0.6	1	55.8529
0.7	1	293.266
0.8	1	872.48
0.9	1	381.646
1	1	71.4509
1.1	1	4082.93
1.4	1	4082.93
1.5	1	4082.93
1.6	1	4082.93
1.7	1	4082.93
1.8	1	4082.93
1.9	1	4082.93
-2	1.1	279.042
-1.9	1.1	337.501
-1.8	1.1	3.89776
-1.7	1.1	14.3562
-1.6	1.1	78.3449
-1.3	1.1	347.429
-1.2	1.1	4.81662
-1	1.1	13.4374
-0.9	1.1	4.78472
-0.8	1.1	578.272
-0.7	1.1	175.858
-0.6	1.1	161.704
-0.5	1.1	794.998
-0.4	1.1	863.847
-0.3	1.1	617.271
-0.2	1.1	543.729
-0.0999997	1.1	436.653
3.11434e-07	1.1	357.901
0.1	1.1	280.014
0.2	1.1	204.592
0.3	1.1	125.461
0.4	1.1	53.1933
0.5	1.1	4.86998
0.6	1.1	20.6682
0.7	1.1	176.141
0.8	1.1	634.087
0.9	1.1	978.621
1	1.1	70.6295
1.1	1.1	4082.93
1.2	1.1	4082.93
1.3	1.1	4082.93
1.4	1.1	4082.93
1.6	1.1	4082.93
1.9	1.1	4082.93
2	1.1	4082.93
-2	1.2	14.7451
-1.9	1.2	6.99984
-1.8	1.2	88.9963
-1.4	1.2	126.102
-1.3	1.2	2.13871
-1	1.2	463.581
-0.9	1.2	281.905
-0.8	1.2	158.329
-0.7	1.2	1775.8
-0.6	1.2	705.856
-0.5	1.2	3619.51
-0.4	1.2	563.926
-0.3	1.2	528.76
-0.2	1.2	535.119
-0.0999997	1.2	443.807
3.11434e-07	1.2	368.879
0.1	1.2	301.572
0.2	1.2	224.873
0.3	1.2	149.77
0.4	1.2	75.798
0.5	1.2	16.603
0.6	1.2	3.87496
0.7	1.2	102.556
0.8	1.2	442.806
0.9	1.2	1083.39
1	1.2	1.77567
1.1	1.2	687.884
1.2	1.2	4082.93
1.4	1.2	4082.93
1.6	1.2	4082.93
1.8	1.2	4082.93
1.9	1.2	4082.93
2	1.2	4082.93
-2	1.3	43.3182
-1.6	1.3	189.766
-1.5	1.3	1.99095
-1.4	1.3	27.1259
-1.3	1.3	171.757
-1.2	1.3	2531.82
-1.1	1.3	1996.69
-1	1.3	747.266
-0.9	1.3	53.7104
-0.8	1.3	560.197
-0.7	1.3	454.491
-0.6	1.3	4082.93
-0.5	1.3	817.433
-0.4	1.3	879.156
-0.3	1.3	662.988
-0.2	1.3	520.694
-0.0999997	1.3	454.499
3.11434e-07	1.3	384.953
0.1	1.3	317.021
0.2	1.3	244.416
0.3	1.3	172.589
0.4	1.3	98.768
0.5	1.3	32.6691
0.6	1.3	4.61063e-07
0.7	1.3	54.4991
0.8	1.3	303.157
0.9	1.3	919.319
1	1.3	149.993
1.1	1.3	134.242
1.2	1.3	4082.93
1.3	1.3	4082.93
1.5	1.3	4082.93
1.7	1.3	4082.93
1.8	1.3	4082.93
-1.7	1.4	70.5079
-1.6	1.4	0.187931
-1.5	1.4	99.5093
-1.3	1.4	445.623
-1.2	1.4	1.05805
-0.9	1.4	2.21087
-0.8	1.4	1633.9
-0.7	1.4	827.546
-0.6	1.4	100.709
-0.5	1.4	1428.81
-0.4	1.4	546.491
-0.3	1.4	578.153
-0.2	1.4	581.627
-0.0999997	1.4	457.53
3.11434e-07	1.4	393.166
0.1	1.4	330.578
0.2	1.4	263.111
0.3	1.4	190.792
0.4	1.4	119.473
0.5	1.4	49.5921
0.6	1.4	3.16109
0.7	1.4	24.986
0.8	1.4	203.106
0.9	1.4	722.204
1	1.4	595.104
1.1	1.4	94.6721
1.2	1.4	4082.93
1.6	1.4	4082.93
1.7	1.4	4082.93
1.8	1.4	4082.93
1.9	1.4	4082.93
-1.8	1.5	35.0055
-1.7	1.5	8.39015
-1.6	1.5	93.4715
-1.4	1.5	778.84
-1.3	1.5	18.3287
-1.1	1.5	7.46263
-1	1.5	91.7253
-0.9	1.5	84.5689
-0.8	1.5	64.9213
-0.7	1.5	4082.93
-0.6	1.5	1111.26
-0.5	1.5	363.999
-0.4	1.5	730.163
-0.3	1.5	630.908
-0.2	1.5	526.987
-0.0999997	1.5	473.762
3.11434e-07	1.5	406.824
0.1	1.5	346.375
0.2	1.5	279.562
0.3	1.5	213.214
0.4	1.5	135.722
0.5	1.5	65.6791
0.6	1.5	11.466
0.7	1.5	9.12084
0.8	1.5	135.182
0.9	1.5	546.693
1	1.5	960.917
1.1	1.5	41.917
1.2	1.5	4082.93
1.3	1.5	4082.93
1.4	1.5	4082.93
1.5	1.5	4082.93
1.6	1.5	4082.93
1.7	1.5	4082.93
1.8	1.5	4082.93
-2	1.6	352.293
-1.9	1.6	54.5821
-1.8	1.6	13.0551
-1.5	1.6	840.67
-1.4	1.6	16.2975
-1.1	1.6	295.082
-1	1.6	434.947
-0.9	1.6	117.99
-0.8	1.6	380.324
-0.7	1.6	395.503
-0.6	1.6	2287.65
-0.5	1.6	808.46
-0.4	1.6	904.02
-0.3	1.6	479.616
-0.2	1.6	577.604
-0.0999997	1.6	467.616
3.11434e-07	1.6	413.373
0.1	1.6	355.002
0.2	1.6	295.557
0.3	1.6	229.562
0.4	1.6	155.428
0.5	1.6	82.099
0.6	1.6	22.1454
0.7	1.6	1.50753
0.8	1.6	86.0535
0.9	1.6	409.135
1	1.6	1045.47
1.1	1.6	1.46436
1.2	1.6	616.074
1.3	1.6	4082.93
1.4	1.6	4082.93
1.5	1.6	4082.93
1.6	1.6	4082.93
1.8	1.6	4082.93
1.9	1.6	4082.93
-2	1.7	64.2062
-1.9	1.7	2.66757
-1.8	1.7	44.1972
-1.5	1.7	156.462
-1.1	1.7	816.223
-1	1.7	8.76218
-0.9	1.7	1575.7
-0.8	1.7	99.5696
-0.7	1.7	1.53075
-0.6	1.7	500.166
-0.5	1.7	1009.49
-0.4	1.7	583.798
-0.3	1.7	588.094
-0.2	1.7	531.681
-0.0999997	1.7	494.685
3.11434e-07	1.7	419.24
0.1	1.7	367.996
0.2	1.7	304.747
0.3	1.7	240.789
0.4	1.7	171.413
0.5	1.7	98.9693
0.6	1.7	33.0648
0.7	1.7	0.0650469
0.8	1.7	51.619
0.9	1.7	301.667
1	1.7	948.127
1.1	1.7	49.5478
1.2	1.7	216.056
1.3	1.7	4082.93
1.4	1.7	4082.93
1.5	1.7	4082.93
1.6	1.7	4082.93
1.7	1.7	4082.93
1.8	1.7	4082.93
1.9	1.7	4082.93
2	1.7	4082.93
-2	1.8	0.0911453
-1.9	1.8	67.9454
-1.6	1.8	405.866
-1.5	1.8	2.16182
-1.2	1.8	2914.12
-1.1	1.8	512.918
-1	1.8	2006.3
-0.9	1.8	2738.2
-0.8	1.8	1959.45
-0.7	1.8	565.41
-0.6	1.8	490.34
-0.5	1.8	1381.97
-0.4	1.8	662.911
-0.3	1.8	612.81
-0.2	1.8	543.132
-0.0999997	1.8	480.569
3.11434e-07	1.8	431.179
0.1	1.8	375.825
0.2	1.8	319.489
0.3	1.8	255.382
0.4	1.8	186.105
0.5	1.8	112.342
0.6	1.8	45.1223
0.7	1.8	2.53967
0.8	1.8	29.8238
0.9	1.8	224.252
1	1.8	790.801
1.1	1.8	260.215
1.2	1.8	143.875
1.3	1.8	4082.93
1.4	1.8	4082.93
1.6	1.8	4082.93
1.7	1.8	4082.93
1.8	1.8	4082.93
1.9	1.8	4082.93
2	1.8	4082.93
-2	1.9	42.3703
-1.7	1.9	491.452
-1.6	1.9	68.9661
-1.5	1.9	38.8124
-1.3	1.9	4082.93
-1.2	1.9	1303.87
-0.8	1.9	4082.93
-0.7	1.9	1466.13
-0.6	1.9	860.916
-0.5	1.9	448.97
-0.4	1.9	706.281
-0.3	1.9	692.995
-0.2	1.9	527.038
-0.0999997	1.9	487.519
3.11434e-07	1.9	436.115
0.1	1.9	382.471
0.2	1.9	327.493
0.3	1.9	270.147
0.4	1.9	200.944
0.5	1.9	129.686
0.6	1.9	58.0081
0.7	1.9	8.03666
0.8	1.9	13.9281
0.9	1.9	161.297
1	1.9	640.505
1.1	1.9	569.863
1.2	1.9	115.209
1.3	1.9	4082.93
1.4	1.9	4082.93
1.5	1.9	4082.93
1.6	1.9	4082.93
1.7	1.9	4082.93
1.8	1.9	4082.93
1.9	1.9	4082.93
-1.7	2	118.3
-1.6	2	0.0620545
-1.3	2	2071.57
-1	2	0.0624123
-0.9	2	4.06825
-0.8	2	1.71414
-0.7	2	3409.76
-0.6	2	1102.73
-0.5	2	676.036
-0.4	2	778.8
-0.3	2	577.97
-0.2	2	532.697
-0.0999997	2	485.416
3.11434e-07	2	440.149
0.1	2	394.461
0.2	2	340.37
0.3	2	278.439
0.4	2	214.371
0.5	2	142.833
0.6	2	71.5482
0.7	2	14.7815
0.8	2	5.21047
0.9	2	116.223
1	2	519.369
1.1	2	828.645
1.2	2	46.5558
1.3	2	4082.93
1.4	2	4082.93
1.6	2	4082.93
1.9	2	4082.93
2	2	4082.93
-1.8	2.1	241.377
-1.7	2.1	6.46599
-1.6	2.1	42.889
-1.4	2.1	2121.79
-1.3	2.1	539.129
-1.1	2.1	27.2701
-1	2.1	34.1007
-0.9	2.1	145.756
-0.8	2.1	288.719
-0.7	2.1	0.679726
-0.6	2.1	1350.83
-0.5	2.1	753.277
-0.4	2.1	1221.59
-0.3	2.1	587.562
-0.2	2.1	537.674
-0.0999997	2.1	488.115
3.11434e-07	2.1	444.301
0.1	2.1	399.992
0.2	2.1	347.37
0.3	2.1	291.947
0.4	2.1	223.34
0.5	2.1	155.482
0.6	2.1	82.7214
0.7	2.1	22.8118
0.8	2.1	1.25077
0.9	2.1	81.3773
1	2.1	412.785
1.1	2.1	952.228
1.2	2.1	8.83265
1.3	2.1	740.755
1.4	2.1	4082.93
1.5	2.1	4082.93
1.6	2.1	4082.93
1.7	2.1	4082.93
1.8	2.1	4082.93
1.9	2.1	4082.93
-1.8	2.2	46.7223
-1.7	2.2	12.3834
-1.4	2.2	408.373
-1.1	2.2	55.899
-1	2.2	96.1534
-0.9	2.2	292.289
-0.8	2.2	393.19
-0.7	2.2	450.767
-0.6	2.2	1809.31
-0.5	2.2	808.126
-0.4	2.2	607.784
-0.3	2.2	596.611
-0.2	2.2	546.76
-0.0999997	2.2	492.85
3.11434e-07	2.2	447.754
0.1	2.2	404.899
0.2	2.2	359.843
0.3	2.2	298.88
0.4	2.2	236.31
0.5	2.2	167.092
0.6	2.2	93.7147
0.7	2.2	31.9131
0.8	2.2	0.00981894
0.9	2.2	54.9837
1	2.2	326.254
1.1	2.2	951.6
1.2	2.2	3.28272
1.3	2.2	361.934
1.4	2.2	4082.93
1.5	2.2	4082.93
1.7	2.2	4082.93
1.8	2.2	4082.93
2	2.2	4082.93
-1.9	2.3	222.655
-1.8	2.3	0.0736582
-1.4	2.3	10.977
-1.2	2.3	43.7114
-1.1	2.3	99.4128
-1	2.3	108.497
-0.9	2.3	288.32
-0.8	2.3	43.5668
-0.7	2.3	24.1719
-0.6	2.3	637.134
-0.5	2.3	874.878
-0.4	2.3	627.634
-0.3	2.3	611.805
-0.2	2.3	533.154
-0.0999997	2.3	492.704
3.11434e-07	2.3	458.095
0.1	2.3	409.439
0.2	2.3	365.194
0.3	2.3	311.508
0.4	2.3	249.129
0.5	2.3	180.948
0.6	2.3	107.804
0.7	2.3	39.898
0.8	2.3	1.20621
0.9	2.3	35.4356
1	2.3	255.775
1.1	2.3	876.562
1.2	2.3	56.6198
1.3	2.3	223.845
1.4	2.3	4082.93
1.7	2.3	4082.93
1.8	2.3	4082.93
1.9	2.3	4082.93
2	2.3	4082.93
-2	2.4	585.988
-1.9	2.4	55.0948
-1.8	2.4	24.7247
-1.5	2.4	876.21
-1.3	2.4	163.366
-1.2	2.4	37.9293
-1.1	2.4	335.8
-1	2.4	111.782
-0.9	2.4	114.308
-0.8	2.4	6.32146
-0.7	2.4	402.737
-0.6	2.4	338.325
-0.5	2.4	978.663
-0.4	2.4	639.588
-0.3	2.4	650.41
-0.2	2.4	534.078
-0.0999997	2.4	500.769
3.11434e-07	2.4	461.028
0.1	2.4	420.499
0.2	2.4	370.751
0.3	2.4	318.323
0.4	2.4	256.37
0.5	2.4	188.649
0.6	2.4	118.828
0.7	2.4	50.2434
0.8	2.4	4.16634
0.9	2.4	22.561
1	2.4	199.025
1.1	2.4	763.355
1.2	2.4	183.62
1.3	2.4	186.077
1.4	2.4	4082.93
1.5	2.4	4082.93
1.6	2.4	4082.93
1.8	2.4	4082.93
-2	2.5	252.651
-1.9	2.5	1.61186
-1.5	2.5	181.941
-1.3	2.5	306.739
-1.2	2.5	1.94521
-1.1	2.5	804.068
-1	2.5	726.991
-0.9	2.5	114.454
-0.8	2.5	253.684
-0.7	2.5	680.953
-0.6	2.5	595.911
-0.5	2.5	1259.64
-0.4	2.5	652.073
-0.3	2.5	570.965
-0.2	2.5	535.699
-0.0999997	2.5	502.732
3.11434e-07	2.5	463.681
0.1	2.5	424.223
0.2	2.5	375.646
0.3	2.5	323.313
0.4	2.5	268.588
0.5	2.5	200.348
0.6	2.5	130.04
0.7	2.5	58.7605
0.8	2.5	8.55118
0.9	2.5	12.0288
1	2.5	153.778
1.1	2.5	652.218
1.2	2.5	364.09
1.3	2.5	165.08
1.4	2.5	4082.93
1.5	2.5	4082.93
1.6	2.5	4082.93
1.7	2.5	4082.93
1.9	2.5	4082.93
2	2.5	4082.93
-2	2.6	83.055
-1.9	2.6	12.6299
-1.5	2.6	3.13516
-1.3	2.6	443.113
-1.2	2.6	34.5685
-1.1	2.6	758.595
-1	2.6	2612.92
-0.9	2.6	978.533
-0.8	2.6	702.513
-0.7	2.6	873.427
-0.6	2.6	706.746
-0.5	2.6	486.925
-0.4	2.6	669.158
-0.3	2.6	574.903
-0.2	2.6	537.901
-0.0999997	2.6	505.624
3.11434e-07	2.6	466.717
0.1	2.6	427.727
0.2	2.6	386.515
0.3	2.6	335.721
0.4	2.6	274.403
0.5	2.6	212.308
0.6	2.6	140.873
0.7	2.6	67.5731
0.8	2.6	14.1411
0.9	2.6	5.78916
1	2.6	120.085
1.1	2.6	541.212
1.2	2.6	562.574
1.3	2.6	123.877
1.4	2.6	4082.93
1.5	2.6	4082.93
1.6	2.6	4082.93
1.7	2.6	4082.93
2	2.6	4082.93
-2	2.7	12.5903
-1.9	2.7	55.8444
-1.6	2.7	850.803
-1.5	2.7	42.0771
-1.3	2.7	552.101
-1.2	2.7	175.353
-1.1	2.7	359.854
-1	2.7	4082.93
-0.9	2.7	3200.96
-0.8	2.7	1184.05
-0.7	2.7	1032.61
-0.6	2.7	763.412
-0.5	2.7	611.149
-0.4	2.7	695.785
-0.3	2.7	576.914
-0.2	2.7	541.256
-0.0999997	2.7	509.19
3.11434e-07	2.7	469.012
0.1	2.7	431.913
0.2	2.7	391.103
0.3	2.7	339.816
0.4	2.7	286.678
0.5	2.7	218.584
0.6	2.7	147.87
0.7	2.7	79.2508
0.8	2.7	19.3413
0.9	2.7	2.04202
1	2.7	89.5408
1.1	2.7	452.788
1.2	2.7	731.071
1.3	2.7	55.0451
1.4	2.7	4082.93
1.5	2.7	4082.93
1.8	2.7	4082.93
1.9	2.7	4082.93
2	2.7	4082.93
-2	2.8	0.978254
-1.6	2.8	246.111
-1.4	2.8	556.097
-1.3	2.8	617.638
-1.2	2.8	384.111
-1.1	2.8	4.5094
-1	2.8	4082.93
-0.9	2.8	4082.93
-0.8	2.8	1854.52
-0.7	2.8	1162.56
-0.6	2.8	804.487
-0.5	2.8	650.266
-0.4	2.8	756.47
-0.3	2.8	578.982
-0.2	2.8	547.284
-0.0999997	2.8	507.729
3.11434e-07	2.8	471.272
0.1	2.8	434.896
0.2	2.8	395.013
0.3	2.8	345.832
0.4	2.8	292.418
0.5	2.8	230.03
0.6	2.8	158.202
0.7	2.8	88.3877
0.8	2.8	26.4718
0.9	2.8	0.258758
1	2.8	68.101
1.1	2.8	379.085
1.2	2.8	842.933
1.3	2.8	15.4725
1.4	2.8	651.932
1.5	2.8	4082.93
1.6	2.8	4082.93
1.8	2.8	4082.93
1.9	2.8	4082.93
2	2.8	4082.93
-2	2.9	22.6654
-1.7	2.9	879.805
-1.6	2.9	29.7224
-1.4	2.9	611.89
-1.3	2.9	737.344
-1.2	2.9	599.584
-1.1	2.9	239.851
-1	2.9	252.587
-0.9	2.9	4082.93
-0.8	2.9	2897.97
-0.7	2.9	1292.08
-0.6	2.9	840.476
-0.5	2.9	665.485
-0.4	2.9	416.419
-0.3	2.9	581.661
-0.2	2.9	578.827
-0.0999997	2.9	508.101
3.11434e-07	2.9	473.722
0.1	2.9	437.077
0.2	2.9	398.809
0.3	2.9	350.385
0.4	2.9	298
0.5	2.9	236.538
0.6	2.9	168.883
0.7	2.9	97.6881
0.8	2.9	32.6937
0.9	2.9	0.131082
1	2.9	50.4922
1.1	2.9	316.657
1.2	2.9	878.903
1.3	2.9	0.281449
1.4	2.9	423.657
1.5	2.9	4082.93
1.6	2.9	4082.93
2	2.9	4082.93
-1.7	3	321.341
-1.4	3	662.578
-1.3	3	3547.46
-1.2	3	1783.16
-1.1	3	1125.77
-1	3	494.04
-0.9	3	48.4371
-0.8	3	4082.93
-0.7	3	1451.81
-0.6	3	875.004
-0.5	3	675.884
-0.4	3	590.849
-0.3	3	585.806
-0.2	3	536.909
-0.0999997	3	509.272
3.11434e-07	3	475.683
0.1	3	440.552
0.2	3	403.089
0.3	3	361.116
0.4	3	308.699
0.5	3	247.016
0.6	3	175.16
0.7	3	103.318
0.8	3	39.1488
0.9	3	1.06991
1	3	36.5944
1.1	3	263.093
1.2	3	859.678
1.3	3	9.68943
1.4	3	299.21
1.5	3	4082.93
1.6	3	4082.93
1.8	3	4082.93
1.9	3	4082.93
2	3	4082.93
-1.8	3.1	1451.28
-1.7	3.1	81.5529
-1.5	3.1	373.691
-1.4	3.1	718.636
-1.3	3.1	1937.76
-1.2	3.1	536.382
-1	3.1	2.06562
-0.9	3.1	1.94289
-0.8	3.1	4082.93
-0.7	3.1	1652.33
-0.6	3.1	913.892
-0.5	3.1	684.549
-0.4	3.1	599.025
-0.3	3.1	591.452
-0.2	3.1	544.134
-0.0999997	3.1	510.46
3.11434e-07	3.1	477.486
0.1	3.1	449.891
0.2	3.1	406.173
0.3	3.1	365.187
0.4	3.1	313.83
0.5	3.1	252.549
0.6	3.1	185.32
0.7	3.1	112.642
0.8	3.1	45.8965
0.9	3.1	3.36137
1	3.1	25.4545
1.1	3.1	213.771
1.2	3.1	803.815
1.3	3.1	48.9011
1.4	3.1	250.26
1.5	3.1	4082.93
1.9	3.1	4082.93
2	3.1	4082.93
-1.8	3.2	800.951
-1.7	3.2	3.73687
-1.5	3.2	418.397
-1.4	3.2	773.42
-1.3	3.2	1070.26
-1	3.2	1.17357
-0.9	3.2	107.626
-0.8	3.2	181.581
-0.7	3.2	2039.49
-0.6	3.2	967.994
-0.5	3.2	692.789
-0.4	3.2	602.014
-0.3	3.2	600.887
-0.2	3.2	544.469
-0.0999997	3.2	512.179
3.11434e-07	3.2	479.109
0.1	3.2	452.349
0.2	3.2	414.748
0.3	3.2	369.041
0.4	3.2	318.05
0.5	3.2	258
0.6	3.2	191.192
0.7	3.2	121.811
0.8	3.2	52.717
0.9	3.2	5.86637
1	3.2	16.5507
1.1	3.2	176.306
1.2	3.2	720.339
1.3	3.2	122.227
1.4	3.2	230.216
1.5	3.2	4082.93
1.6	3.2	4082.93
1.8	3.2	4082.93
1.9	3.2	4082.93
2	3.2	4082.93
-1.8	3.3	395.818
-1.5	3.3	454.476
-1.4	3.3	4082.93
-1.3	3.3	603.324
-1.1	3.3	6.59831
-1	3.3	18.3912
-0.9	3.3	250.81
-0.8	3.3	446.701
-0.7	3.3	4082.93
-0.6	3.3	1022.99
-0.5	3.3	701.904
-0.4	3.3	604.29
-0.3	3.3	621.693
-0.2	3.3	544.983
-0.0999997	3.3	513.763
3.11434e-07	3.3	487.661
0.1	3.3	454.306
0.2	3.3	419.042
0.3	3.3	372.883
0.4	3.3	322.92
0.5	3.3	268.392
0.6	3.3	200.763
0.7	3.3	130.635
0.8	3.3	59.7873
0.9	3.3	9.99903
1	3.3	10.0285
1.1	3.3	144.717
1.2	3.3	642.85
1.3	3.3	224.771
1.4	3.3	214.911
1.5	3.3	4082.93
1.6	3.3	4082.93
1.7	3.3	4082.93
1.8	3.3	4082.93
1.9	3.3	4082.93
2	3.3	4082.93
-1.8	3.4	169.174
-1.5	3.4	490.457
-1.4	3.4	3036.29
-1.1	3.4	2.02381
-1	3.4	78.1457
-0.9	3.4	314.979
-0.8	3.4	415.412
-0.7	3.4	632.034
-0.6	3.4	1097.7
-0.5	3.4	712.95
-0.4	3.4	605.852
-0.3	3.4	567.57
-0.2	3.4	545.822
-0.0999997	3.4	515.732
3.11434e-07	3.4	489.299
0.1	3.4	456.329
0.2	3.4	421.92
0.3	3.4	376.955
0.4	3.4	332.816
0.5	3.4	273.564
0.6	3.4	206.441
0.7	3.4	136.308
0.8	3.4	66.8007
0.9	3.4	13.8142
1	3.4	6.08471
1.1	3.4	117.459
1.2	3.4	560.777
1.3	3.4	345.23
1.4	3.4	191.503
1.5	3.4	4082.93
1.6	3.4	4082.93
1.7	3.4	4082.93
1.8	3.4	4082.93
2	3.4	4082.93
-1.9	3.5	1346.7
-1.8	3.5	54.3942
-1.6	3.5	316.664
-1.5	3.5	531.565
-1.4	3.5	2286.72
-1.2	3.5	0.142209
-1.1	3.5	0.854883
-1	3.5	141.657
-0.9	3.5	318.303
-0.8	3.5	1.25133
-0.7	3.5	123.86
-0.6	3.5	1220.67
-0.5	3.5	725.522
-0.4	3.5	607.096
-0.3	3.5	569.559
-0.2	3.5	546.841
-0.0999997	3.5	520.625
3.11434e-07	3.5	491.113
0.1	3.5	458.677
0.2	3.5	424.533
0.3	3.5	386.209
0.4	3.5	336.865
0.5	3.5	277.813
0.6	3.5	215.933
0.7	3.5	145.184
0.8	3.5	74.3251
0.9	3.5	17.9137
1	3.5	2.66907
1.1	3.5	98.5245
1.2	3.5	485.936
1.3	3.5	467.608
1.4	3.5	154.365
1.5	3.5	4082.93
1.6	3.5	4082.93
1.7	3.5	4082.93
1.8	3.5	4082.93
-1.9	3.6	848.511
-1.8	3.6	6.52807
-1.6	3.6	382.846
-1.5	3.6	575.924
-1.4	3.6	1738.67
-1.2	3.6	0.509116
-1.1	3.6	13.2142
-1	3.6	197.485
-0.9	3.6	235.726
-0.8	3.6	0.174749
-0.7	3.6	24.5294
-0.6	3.6	1562.59
-0.5	3.6	741.289
-0.4	3.6	608.714
-0.3	3.6	569.16
-0.2	3.6	548.207
-0.0999997	3.6	515.576
3.11434e-07	3.6	492.474
0.1	3.6	460.879
0.2	3.6	427.142
0.3	3.6	388.687
0.4	3.6	341.076
0.5	3.6	287.716
0.6	3.6	220.81
0.7	3.6	154.148
0.8	3.6	81.6972
0.9	3.6	22.4221
1	3.6	1.03885
1.1	3.6	78.7877
1.2	3.6	426.919
1.3	3.6	581.642
1.4	3.6	102.929
1.5	3.6	4046.56
1.6	3.6	4082.93
1.7	3.6	4082.93
1.8	3.6	4082.93
2	3.6	4082.93
-1.9	3.7	506.942
-1.8	3.7	1.39669
-1.6	3.7	444.688
-1.5	3.7	4082.93
-1.4	3.7	1328.75
-1.2	3.7	0.081632
-1.1	3.7	36.5421
-1	3.7	234.669
-0.9	3.7	53.2003
-0.8	3.7	26.1855
-0.7	3.7	326.641
-0.6	3.7	579.807
-0.5	3.7	762.479
-0.4	3.7	610.558
-0.3	3.7	568.861
-0.2	3.7	549.764
-0.0999997	3.7	515.874
3.11434e-07	3.7	493.713
0.1	3.7	462.711
0.2	3.7	429.06
0.3	3.7	392.771
0.4	3.7	344.428
0.5	3.7	292.17
0.6	3.7	230.626
0.7	3.7	159.273
0.8	3.7	89.2739
0.9	3.7	27.1252
1	3.7	0.0600787
1.1	3.7	62.5236
1.2	3.7	367.263
1.3	3.7	676.833
1.4	3.7	45.8958
1.5	3.7	653.942
1.6	3.7	4082.93
1.9	3.7	4082.93
2	3.7	4082.93
-1.9	3.8	278.811
-1.6	3.8	500.17
-1.5	3.8	4082.93
-1.4	3.8	1016.26
-1.2	3.8	0.304411
-1.1	3.8	67.769
-1	3.8	255.09
-0.9	3.8	0.588919
-0.8	3.8	172.715
-0.7	3.8	466.869
-0.6	3.8	376.518
-0.5	3.8	790.839
-0.4	3.8	612.851
-0.3	3.8	568.795
-0.2	3.8	552.376
-0.0999997	3.8	516.409
3.11434e-07	3.8	495.076
0.1	3.8	464.552
0.2	3.8	432.254
0.3	3.8	395.707
0.4	3.8	348.38
0.5	3.8	296.428
0.6	3.8	235.235
0.7	3.8	167.83
0.8	3.8	96.9518
0.9	3.8	32.1256
1	3.8	0.0987848
1.1	3.8	48.464
1.2	3.8	315.453
1.3	3.8	745.366
1.4	3.8	15.8523
1.5	3.8	502.947
1.6	3.8	4082.93
1.7	3.8	4082.93
1.8	3.8	4082.93
1.9	3.8	4082.93
-2	3.9	1551.6
-1.9	3.9	137.741
-1.6	3.9	555.682
-1.5	3.9	3153.98
-1.4	3.9	768.405
-1.2	3.9	2.50051
-1.1	3.9	98.5054
-1	3.9	256.75
-0.9	3.9	7.46884
-0.8	3.9	367.422
-0.7	3.9	559.09
-0.6	3.9	519.674
-0.5	3.9	834.206
-0.4	3.9	615.778
-0.3	3.9	568.699
-0.2	3.9	556.873
-0.0999997	3.9	517.019
3.11434e-07	3.9	496.151
0.1	3.9	466.518
0.2	3.9	434.924
0.3	3.9	398.721
0.4	3.9	358.037
0.5	3.9	300.696
0.6	3.9	239.754
0.7	3.9	172.743
0.8	3.9	101.375
0.9	3.9	37.4456
1	3.9	0.780719
1.1	3.9	39.0204
1.2	3.9	276.067
1.3	3.9	772.114
1.4	3.9	1.70723
1.5	3.9	391.548
1.6	3.9	4082.93
1.7	3.9	4082.93
1.8	3.9	4082.93
1.9	3.9	4082.93
2	3.9	4082.93
-2	4	1069.05
-1.9	4	57.7898
-1.7	4	336.03
-1.6	4	4082.93
-1.5	4	2110.56
-1.2	4	7.07505
-1.1	4	126.082
-1	4	238.4
-0.9	4	11.2382
-0.8	4	482.257
-0.7	4	613.991
-0.6	4	586.052
-0.5	4	936.012
-0.4	4	619.22
-0.3	4	568.903
-0.2	4	577.744
-0.0999997	4	517.727
3.11434e-07	4	497.279
0.1	4	468.143
0.2	4	436.946
0.3	4	400.975
0.4	4	361.118
0.5	4	309.568
0.6	4	248.95
0.7	4	181.666
0.8	4	108.852
0.9	4	42.9857
1	4	1.94553
1.1	4	28.9847
1.2	4	235.888
1.3	4	769.233
1.4	4	1.78585
1.5	4	330.048
1.6	4	4082.93
1.7	4	4082.93
1.8	4	4082.93
1.9	4	4082.93
2	4	4082.93
-2	4.1	715.07
-1.9	4.1	15.3644
-1.7	4.1	368.832
-1.6	4.1	4082.93
-1.5	4.1	1450.26
-1.3	4.1	34.6792
-1.2	4.1	14.4382
-1.1	4.1	148.427
-1	4.1	201.426
-0.9	4.1	3.92159
-0.8	4.1	579.972
-0.7	4.1	651.891
-0.6	4.1	615.167
-0.5	4.1	639.605
-0.4	4.1	623.759
-0.3	4.1	569.054
-0.2	4.1	547.363
-0.0999997	4.1	518.704
3.11434e-07	4.1	498.439
0.1	4.1	469.297
0.2	4.1	445.408
0.3	4.1	403.56
0.4	4.1	363.676
0.5	4.1	313.528
0.6	4.1	253.235
0.7	4.1	186.033
0.8	4.1	113.558
0.9	4.1	48.5761
1	4.1	3.67313
1.1	4.1	22.2859
1.2	4.1	201.444
1.3	4.1	744.294
1.4	4.1	15.965
1.5	4.1	296.767
1.6	4.1	4082.93
1.7	4.1	4082.93
1.8	4.1	4082.93
1.9	4.1	4082.93
-2	4.2	460.188
-1.9	4.2	0.514301
-1.7	4.2	402.75
-1.6	4.2	3984.38
-1.5	4.2	1029.2
-1.3	4.2	32.5208
-1.2	4.2	22.4972
-1.1	4.2	164.199
-1	4.2	147.607
-0.9	4.2	40.5247
-0.8	4.2	650.491
-0.7	4.2	678.695
-0.6	4.2	631.799
-0.5	4.2	554.352
-0.4	4.2	629.575
-0.3	4.2	569.241
-0.2	4.2	546.578
-0.0999997	4.2	519.409
3.11434e-07	4.2	499.898
0.1	4.2	470.539
0.2	4.2	447.162
0.3	4.2	413.018
0.4	4.2	367.384
0.5	4.2	316.974
0.6	4.2	257.337
0.7	4.2	190.314
0.8	4.2	121.21
0.9	4.2	54.5971
1	4.2	5.78721
1.1	4.2	16.7867
1.2	4.2	176.27
1.3	4.2	702.719
1.4	4.2	45.7339
1.5	4.2	280.738
1.6	4.2	4082.93
1.7	4.2	4082.93
1.8	4.2	4082.93
2	4.2	4082.93
-2	4.3	280.531
-1.7	4.3	432.062
-1.6	4.3	3192.47
-1.5	4.3	753.226
-1.3	4.3	31.1591
-1.2	4.3	31.6921
-1.1	4.3	177.41
-1	4.3	95.1705
-0.9	4.3	203.136
-0.8	4.3	708.883
-0.7	4.3	698.303
-0.6	4.3	642.781
-0.5	4.3	595.737
-0.4	4.3	637.809
-0.3	4.3	569.692
-0.2	4.3	546.239
-0.0999997	4.3	520.151
3.11434e-07	4.3	500.669
0.1	4.3	472.462
0.2	4.3	448.402
0.3	4.3	415.371
0.4	4.3	370.28
0.5	4.3	320.586
0.6	4.3	266.363
0.7	4.3	198.729
0.8	4.3	128.924
0.9	4.3	58.0023
1	4.3	8.20712
1.1	4.3	11.0952
1.2	4.3	149.143
1.3	4.3	652.319
1.4	4.3	89.9975
1.5	4.3	270.389
1.6	4.3	4082.93
1.7	4.3	4082.93
2	4.3	4082.93
-2	4.4	169.97
-1.7	4.4	461.885
-1.6	4.4	2581.13
-1.3	4.4	30.0881
-1.2	4.4	42.69
-1.1	4.4	188.472
-1	4.4	51.1338
-0.9	4.4	362.758
-0.8	4.4	755.362
-0.7	4.4	713.386
-0.6	4.4	649.785
-0.5	4.4	606.954
-0.4	4.4	649.224
-0.3	4.4	570.381
-0.2	4.4	546.498
-0.0999997	4.4	520.846
3.11434e-07	4.4	501.76
0.1	4.4	474.053
0.2	4.4	451.212
0.3	4.4	417.583
0.4	4.4	373.348
0.5	4.4	324.007
0.6	4.4	269.926
0.7	4.4	203.166
0.8	4.4	132.835
0.9	4.4	64.0591
1	4.4	11.1097
1.1	4.4	7.60481
1.2	4.4	129.813
1.3	4.4	599.879
1.4	4.4	149.029
1.5	4.4	260.607
1.6	4.4	4082.93
1.7	4.4	4082.93
1.9	4.4	4082.93
2	4.4	4082.93
-2	4.5	87.065
-1.7	4.5	492.596
-1.6	4.5	2097.84
-1.3	4.5	34.4643
-1.2	4.5	59.028
-1.1	4.5	184.263
-1	4.5	25.737
-0.9	4.5	482.438
-0.8	4.5	793.42
-0.7	4.5	724.549
-0.6	4.5	654.775
-0.5	4.5	612.146
-0.4	4.5	676.558
-0.3	4.5	570.963
-0.2	4.5	546.531
-0.0999997	4.5	529.028
3.11434e-07	4.5	502.482
0.1	4.5	482.216
0.2	4.5	453.101
0.3	4.5	419.602
0.4	4.5	375.733
0.5	4.5	332.814
0.6	4.5	273.687
0.7	4.5	207.192
0.8	4.5	137.043
0.9	4.5	70.2979
1	4.5	14.2372
1.1	4.5	4.81447
1.2	4.5	108.731
1.3	4.5	544.355
1.4	4.5	218.224
1.5	4.5	245.676
1.6	4.5	4082.93
1.7	4.5	4082.93
1.9	4.5	4082.93
2	4.5	4082.93
-2	4.6	36.8371
-1.7	4.6	524.281
-1.6	4.6	1726.92
-1.3	4.6	41.9229
-1.2	4.6	67.9236
-1.1	4.6	158.583
-1	4.6	13.485
-0.9	4.6	589.949
-0.8	4.6	824.841
-0.7	4.6	733.963
-0.6	4.6	658.387
-0.5	4.6	614.632
-0.4	4.6	724.108
-0.3	4.6	571.834
-0.2	4.6	546.549
-0.0999997	4.6	529.809
3.11434e-07	4.6	503.43
0.1	4.6	483.96
0.2	4.6	454.833
0.3	4.6	421.773
0.4	4.6	384.217
0.5	4.6	336.221
0.6	4.6	277.461
0.7	4.6	215.568
0.8	4.6	144.766
0.9	4.6	73.7605
1	4.6	17.6682
1.1	4.6	2.78248
1.2	4.6	94.0922
1.3	4.6	493.181
1.4	4.6	294.926
1.5	4.6	223.306
1.6	4.6	4082.93
1.7	4.6	4082.93
2	4.6	4082.93
-2	4.7	10.7897
-1.7	4.7	562.908
-1.6	4.7	1398.28
-1.4	4.7	85.5641
-1.3	4.7	50.771
-1.2	4.7	69.6519
-1.1	4.7	125.643
-1	4.7	11.9533
-0.9	4.7	679.364
-0.8	4.7	851.442
-0.7	4.7	741.875
-0.6	4.7	661.158
-0.5	4.7	616.234
-0.4	4.7	564.853
-0.3	4.7	572.832
-0.2	4.7	546.746
-0.0999997	4.7	531.025
3.11434e-07	4.7	504.066
0.1	4.7	485.109
0.2	4.7	456.489
0.3	4.7	423.87
0.4	4.7	387.276
0.5	4.7	338.974
0.6	4.7	280.714
0.7	4.7	219.414
0.8	4.7	148.537
0.9	4.7	80.1892
1	4.7	21.3958
1.1	4.7	1.31924
1.2	4.7	80.7141
1.3	4.7	435.462
1.4	4.7	369.328
1.5	4.7	191.433
1.6	4.7	3985.09
1.7	4.7	4082.93
1.9	4.7	4082.93
2	4.7	4082.93
-2	4.8	0.527749
-1.8	4.8	351.484
-1.7	4.8	601.372
-1.6	4.8	1121.93
-1.4	4.8	81.8497
-1.3	4.8	59.8314
-1.2	4.8	66.1072
-1.1	4.8	89.5415
-1	4.8	22.31
-0.9	4.8	760.383
-0.8	4.8	884.507
-0.7	4.8	748.651
-0.6	4.8	663.196
-0.5	4.8	617.002
-0.4	4.8	581.741
-0.3	4.8	574.06
-0.2	4.8	546.928
-0.0999997	4.8	533.293
3.11434e-07	4.8	504.993
0.1	4.8	486.194
0.2	4.8	457.952
0.3	4.8	425.994
0.4	4.8	389.631
0.5	4.8	341.694
0.6	4.8	289.302
0.7	4.8	223.172
0.8	4.8	155.968
0.9	4.8	83.6825
1	4.8	25.2355
1.1	4.8	0.411907
1.2	4.8	66.4821
1.3	4.8	391.549
1.4	4.8	444.577
1.5	4.8	152.876
1.6	4.8	775.405
1.7	4.8	4082.93
1.9	4.8	4082.93
2	4.8	4082.93
-1.8	4.9	384.777
-1.7	4.9	644.886
-1.6	4.9	894.549
-1.4	4.9	79.4355
-1.3	4.9	69.5755
-1.2	4.9	61.0973
-1.1	4.9	59.1712
-1	4.9	58.2172
-0.9	4.9	834.464
-0.8	4.9	905.266
-0.7	4.9	754.614
-0.6	4.9	664.859
-0.5	4.9	617.419
-0.4	4.9	583.691
-0.3	4.9	575.681
-0.2	4.9	547.026
-0.0999997	4.9	530.885
3.11434e-07	4.9	505.759
0.1	4.9	487.396
0.2	4.9	459.339
0.3	4.9	427.933
0.4	4.9	391.897
0.5	4.9	344.868
0.6	4.9	292.843
0.7	4.9	231.368
0.8	4.9	160.02
0.9	4.9	90.0223
1	4.9	29.2889
1.1	4.9	0.0267715
1.2	4.9	56.5854
1.3	4.9	351.668
1.4	4.9	512.675
1.5	4.9	111.344
1.6	4.9	635.341
1.7	4.9	4082.93
1.8	4.9	4082.93
-1.8	5	423.255
-1.7	5	697.363
-1.6	5	679.951
-1.4	5	77.7551
-1.3	5	83.2743
-1.2	5	58.4406
-1.1	5	42.7679
-1	5	151.461
-0.9	5	913.44
-0.8	5	924.191
-0.7	5	759.29
-0.6	5	666.063
-0.5	5	617.712
-0.4	5	583.848
-0.3	5	578.005
-0.2	5	547.331
-0.0999997	5	530.78
3.11434e-07	5	506.377
0.1	5	488.237
0.2	5	460.572
0.3	5	429.705
0.4	5	394.01
0.5	5	347.477
0.6	5	295.746
0.7	5	234.654
0.8	5	167.469
0.9	5	96.4173
1	5	31.8805
1.1	5	0.093776
1.2	5	47.6644
1.3	5	308.412
1.4	5	573.044
1.5	5	65.7101
1.6	5	529.604
1.7	5	4082.93
1.8	5	4082.93
1.9	5	4082.93
2	5	4082.93
-1.8	5.1	461.16
-1.7	5.1	3558.97
-1.6	5.1	497.702
-1.4	5.1	78.3107
-1.3	5.1	102.115
-1.2	5.1	63.3884
-1.1	5.1	42.0248
-1	5.1	301.25
-0.9	5.1	976.941
-0.8	5.1	940.489
-0.7	5.1	764.164
-0.6	5.1	667.194
-0.5	5.1	617.694
-0.4	5.1	583.796
-0.3	5.1	580.785
-0.2	5.1	547.49
-0.0999997	5.1	530.931
3.11434e-07	5.1	507.126
0.1	5.1	489.125
0.2	5.1	462.128
0.3	5.1	431.78
0.4	5.1	396.318
0.5	5.1	350.334
0.6	5.1	299.07
0.7	5.1	238.176
0.8	5.1	171.017
0.9	5.1	99.9722
1	5.1	36.2649
1.1	5.1	0.585434
1.2	5.1	39.942
1.3	5.1	276.425
1.4	5.1	621.528
1.5	5.1	32.0149
1.6	5.1	460.331
1.7	5.1	4082.93
1.8	5.1	4082.93
1.9	5.1	4082.93
-1.8	5.2	500.878
-1.7	5.2	2782.13
-1.4	5.2	85.7584
-1.3	5.2	151.19
-1.2	5.2	97.5325
-1.1	5.2	74.2461
-1	5.2	480.264
-0.9	5.2	1036.8
-0.8	5.2	955.459
-0.7	5.2	768.3
-0.6	5.2	668.177
-0.5	5.2	617.732
-0.4	5.2	583.328
-0.3	5.2	585.79
-0.2	5.2	547.863
-0.0999997	5.2	531.197
3.11434e-07	5.2	507.768
0.1	5.2	490.001
0.2	5.2	462.973
0.3	5.2	433.396
0.4	5.2	398.492
0.5	5.2	358.474
0.6	5.2	301.698
0.7	5.2	241.642
0.8	5.2	174.551
0.9	5.2	106.518
1	5.2	40.8509
1.1	5.2	1.43611
1.2	5.2	33.2882
1.3	5.2	248.926
1.4	5.2	645.719
1.5	5.2	12.0186
1.6	5.2	401.42
1.7	5.2	4082.93
1.8	5.2	4082.93
1.9	5.2	4082.93
2	5.2	4082.93
-1.8	5.3	547.429
-1.7	5.3	2122.92
-1.5	5.3	34.6269
-1.4	5.3	107.157
-1.3	5.3	280.836
-1.2	5.3	237.58
-1.1	5.3	211.022
-1	5.3	658.372
-0.9	5.3	1089.33
-0.8	5.3	969.503
-0.7	5.3	772.315
-0.6	5.3	668.958
-0.5	5.3	617.52
-0.4	5.3	582.903
-0.3	5.3	593.266
-0.2	5.3	548.139
-0.0999997	5.3	531.448
3.11434e-07	5.3	508.505
0.1	5.3	490.382
0.2	5.3	464.548
0.3	5.3	434.786
0.4	5.3	400.615
0.5	5.3	360.836
0.6	5.3	310.381
0.7	5.3	249.772
0.8	5.3	182.38
0.9	5.3	109.718
1	5.3	43.6498
1.1	5.3	2.69866
1.2	5.3	25.4396
1.3	5.3	223.122
1.4	5.3	669.653
1.5	5.3	2.12207
1.6	5.3	366.792
1.7	5.3	4082.93
1.8	5.3	4082.93
1.9	5.3	4082.93
2	5.3	4082.93
-1.8	5.4	594.731
-1.7	5.4	1564.96
-1.5	5.4	20.5145
-1.4	5.4	153.131
-1.3	5.4	560.974
-1.2	5.4	649.32
-1.1	5.4	534.41
-1	5.4	819.893
-0.9	5.4	1141.8
-0.8	5.4	981.563
-0.7	5.4	776.391
-0.6	5.4	669.867
-0.5	5.4	617.298
-0.4	5.4	582.459
-0.3	5.4	614.43
-0.2	5.4	548.454
-0.0999997	5.4	531.724
3.11434e-07	5.4	509.499
0.1	5.4	491.814
0.2	5.4	466.042
0.3	5.4	436.069
0.4	5.4	402.516
0.5	5.4	363.703
0.6	5.4	313.02
0.7	5.4	252.67
0.8	5.4	185.781
0.9	5.4	113.178
1	5.4	48.3182
1.1	5.4	4.24419
1.2	5.4	20.3255
1.3	5.4	198.953
1.4	5.4	665.822
1.5	5.4	0.287659
1.6	5.4	344.278
1.7	5.4	4082.93
1.8	5.4	4082.93
1.9	5.4	4082.93
-1.8	5.5	644.634
-1.7	5.5	1116.21
-1.5	5.5	11.9015
-1.4	5.5	228.876
-1.3	5.5	925.774
-1.2	5.5	1238.94
-1.1	5.5	979.381
-1	5.5	998.741
-0.9	5.5	1189.78
-0.8	5.5	994.964
-0.7	5.5	780.262
-0.6	5.5	670.551
-0.5	5.5	617.261
-0.4	5.5	581.955
-0.3	5.5	567.691
-0.2	5.5	548.846
-0.0999997	5.5	532.042
3.11434e-07	5.5	510.014
0.1	5.5	492.998
0.2	5.5	467.287
0.3	5.5	444.251
0.4	5.5	404.746
0.5	5.5	365.949
0.6	5.5	315.968
0.7	5.5	255.958
0.8	5.5	188.775
0.9	5.5	119.527
1	5.5	50.9615
1.1	5.5	5.29114
1.2	5.5	16.0321
1.3	5.5	173.093
1.4	5.5	653.896
1.5	5.5	6.43692
1.6	5.5	330.193
1.7	5.5	4082.93
1.8	5.5	4082.93
1.9	5.5	4082.93
2	5.5	4082.93
-1.8	5.6	702.107
-1.7	5.6	754.544
-1.5	5.6	7.61782
-1.4	5.6	316.205
-1.3	5.6	1248.09
-1.2	5.6	1899.7
-1.1	5.6	1472.13
-1	5.6	1176.38
-0.9	5.6	1235.26
-0.8	5.6	1006.78
-0.7	5.6	783.666
-0.6	5.6	671.355
-0.5	5.6	616.972
-0.4	5.6	581.594
-0.3	5.6	566.39
-0.2	5.6	549.257
-0.0999997	5.6	532.301
3.11434e-07	5.6	510.621
0.1	5.6	494.422
0.2	5.6	468.552
0.3	5.6	445.947
0.4	5.6	412.857
0.5	5.6	368.055
0.6	5.6	318.43
0.7	5.6	258.806
0.8	5.6	196.201
0.9	5.6	122.976
1	5.6	56.0594
1.1	5.6	7.30746
1.2	5.6	12.3153
1.3	5.6	155.135
1.4	5.6	641.108
1.5	5.6	19.8677
1.6	5.6	321.867
1.7	5.6	4082.93
1.8	5.6	4082.93
1.9	5.6	4082.93
2	5.6	4082.93
-1.9	5.7	385.554
-1.8	5.7	761.058
-1.7	5.7	479.926
-1.5	5.7	5.48684
-1.4	5.7	391.808
-1.3	5.7	1492.24
-1.2	5.7	2728.33
-1.1	5.7	2063.5
-1	5.7	1389.46
-0.9	5.7	1293.44
-0.8	5.7	1019.37
-0.7	5.7	787.369
-0.6	5.7	672.106
-0.5	5.7	616.95
-0.4	5.7	581.182
-0.3	5.7	565.446
-0.2	5.7	549.594
-0.0999997	5.7	532.578
3.11434e-07	5.7	511.118
0.1	5.7	495.16
0.2	5.7	469.651
0.3	5.7	447.441
0.4	5.7	414.52
0.5	5.7	370.102
0.6	5.7	320.862
0.7	5.7	266.798
0.8	5.7	199.492
0.9	5.7	129.413
1	5.7	61.0809
1.1	5.7	9.51181
1.2	5.7	10.2331
1.3	5.7	138.278
1.4	5.7	610.529
1.5	5.7	40.8667
1.6	5.7	316.63
1.7	5.7	4082.93
1.8	5.7	4082.93
1.9	5.7	4082.93
2	5.7	4082.93
-1.9	5.8	422.042
-1.8	5.8	821.34
-1.7	5.8	281.422
-1.5	5.8	4.61074
-1.4	5.8	429.33
-1.3	5.8	1756.28
-1.2	5.8	3880.84
-1.1	5.8	2782.48
-1	5.8	1605.06
-0.9	5.8	1338.67
-0.8	5.8	1032.06
-0.7	5.8	791.638
-0.6	5.8	672.767
-0.5	5.8	616.678
-0.4	5.8	580.783
-0.3	5.8	564.713
-0.2	5.8	550.306
-0.0999997	5.8	532.909
3.11434e-07	5.8	511.644
0.1	5.8	495.983
0.2	5.8	470.719
0.3	5.8	449.283
0.4	5.8	416.127
0.5	5.8	372.39
0.6	5.8	323.738
0.7	5.8	269.857
0.8	5.8	202.668
0.9	5.8	132.438
1	5.8	63.8458
1.1	5.8	12.0846
1.2	5.8	7.38119
1.3	5.8	123.367
1.4	5.8	574.762
1.5	5.8	67.4804
1.6	5.8	310.908
1.7	5.8	4082.93
1.8	5.8	4082.93
1.9	5.8	4082.93
-1.9	5.9	456.424
-1.8	5.9	889.097
-1.7	5.9	142.832
-1.5	5.9	4.12306
-1.4	5.9	434.199
-1.3	5.9	2035.07
-1.2	5.9	4082.93
-1.1	5.9	3632.81
-1	5.9	1849.72
-0.9	5.9	1385.08
-0.8	5.9	1043.59
-0.7	5.9	795.22
-0.6	5.9	673.625
-0.5	5.9	616.581
-0.4	5.9	580.418
-0.3	5.9	564.067
-0.2	5.9	550.743
-0.0999997	5.9	533.212
3.11434e-07	5.9	512.098
0.1	5.9	496.845
0.2	5.9	472.167
0.3	5.9	450.502
0.4	5.9	417.441
0.5	5.9	374.476
0.6	5.9	326.112
0.7	5.9	272.524
0.8	5.9	205.848
0.9	5.9	135.529
1	5.9	69.0654
1.1	5.9	13.5099
1.2	5.9	5.12521
1.3	5.9	109.436
1.4	5.9	539.15
1.5	5.9	103.026
1.6	5.9	303.664
1.7	5.9	4082.93
1.8	5.9	4082.93
1.9	5.9	4082.93
2	5.9	4082.93
-1.9	6	489.658
-1.8	6	2340.94
-1.7	6	63.9168
-1.6	6	34.675
-1.5	6	3.2772
-1.4	6	418.236
-1.3	6	2380.01
-1.2	6	4082.93
-1.1	6	4082.93
-1	6	2097.07
-0.9	6	1430.53
-0.8	6	1055.92
-0.7	6	799.24
-0.6	6	674.37
-0.5	6	616.423
-0.4	6	580.071
-0.3	6	563.492
-0.2	6	551.588
-0.0999997	6	533.582
3.11434e-07	6	512.578
0.1	6	497.619
0.2	6	479.969
0.3	6	451.881
0.4	6	419.41
0.5	6	376.506
0.6	6	334.232
0.7	6	275.495
0.8	6	213.289
0.9	6	142.365
1	6	71.8328
1.1	6	16.4745
1.2	6	3.29351
1.3	6	97.1724
1.4	6	499.764
1.5	6	142.427
1.6	6	293.399
1.7	6	4045.51
1.8	6	4082.93
1.9	6	4082.93
2	6	4082.93
-1.9	6.1	528.108
-1.8	6.1	1725.06
-1.7	6.1	15.1177
-1.6	6.1	56.6026
-1.5	6.1	2.18096
-1.4	6.1	392.088
-1.3	6.1	2701.99
-1.2	6.1	4082.93
-1.1	6.1	4082.93
-1	6.1	2384.68
-0.9	6.1	1476.93
-0.8	6.1	1069.03
-0.7	6.1	803.4
-0.6	6.1	675.312
-0.5	6.1	616.433
-0.4	6.1	579.858
-0.3	6.1	563.075
-0.2	6.1	552.484
-0.0999997	6.1	534.264
3.11434e-07	6.1	513.126
0.1	6.1	498.22
0.2	6.1	480.896
0.3	6.1	453.1
0.4	6.1	421.456
0.5	6.1	384.352
0.6	6.1	336.417
0.7	6.1	277.914
0.8	6.1	216.365
0.9	6.1	145.333
1	6.1	77.1701
1.1	6.1	19.3479
1.2	6.1	1.96041
1.3	6.1	85.7686
1.4	6.1	461.551
1.5	6.1	186.351
1.6	6.1	279.102
1.7	6.1	3906.42
1.8	6.1	4082.93
2	6.1	4082.93
-1.9	6.2	570.878
-1.8	6.2	1248.94
-1.6	6.2	79.7162
-1.5	6.2	0.797976
-1.4	6.2	364.496
-1.3	6.2	2983.65
-1.2	6.2	4082.93
-1.1	6.2	4082.93
-1	6.2	2679.8
-0.9	6.2	1527.09
-0.8	6.2	1082.21
-0.7	6.2	807.799
-0.6	6.2	676.115
-0.5	6.2	616.287
-0.4	6.2	579.577
-0.3	6.2	562.778
-0.2	6.2	553.714
-0.0999997	6.2	534.526
3.11434e-07	6.2	520.776
0.1	6.2	498.931
0.2	6.2	481.794
0.3	6.2	454.251
0.4	6.2	423.004
0.5	6.2	386.605
0.6	6.2	338.579
0.7	6.2	280.736
0.8	6.2	218.988
0.9	6.2	148.298
1	6.2	79.7138
1.1	6.2	21.1915
1.2	6.2	0.928893
1.3	6.2	75.7529
1.4	6.2	424.746
1.5	6.2	229.937
1.6	6.2	260.244
1.7	6.2	3832.1
1.8	6.2	4082.93
1.9	6.2	4082.93
-1.9	6.3	613.021
-1.8	6.3	872.068
-1.6	6.3	104.967
-1.5	6.3	0.0631694
-1.4	6.3	334.513
-1.3	6.3	3136.68
-1.2	6.3	4082.93
-1.1	6.3	4082.93
-1	6.3	3041.54
-0.9	6.3	1578.72
-0.8	6.3	1095.74
-0.7	6.3	812.147
-0.6	6.3	677.271
-0.5	6.3	616.196
-0.4	6.3	579.289
-0.3	6.3	562.417
-0.2	6.3	555.643
-0.0999997	6.3	534.855
3.11434e-07	6.3	521.226
0.1	6.3	499.707
0.2	6.3	482.623
0.3	6.3	455.323
0.4	6.3	424.454
0.5	6.3	388.399
0.6	6.3	341.111
0.7	6.3	288.238
0.8	6.3	221.924
0.9	6.3	154.857
1	6.3	82.5105
1.1	6.3	24.5223
1.2	6.3	0.507484
1.3	6.3	66.4491
1.4	6.3	389.288
1.5	6.3	280.119
1.6	6.3	235.484
1.7	6.3	754.098
1.8	6.3	4082.93
2	6.3	4082.93
-2	6.4	301.345
-1.9	6.4	657.273
-1.8	6.4	588.447
-1.6	6.4	128.175
-1.5	6.4	0.342242
-1.4	6.4	302.637
-1.3	6.4	3134.96
-1.2	6.4	4082.93
-1.1	6.4	4082.93
-1	6.4	3419.55
-0.9	6.4	1637.75
-0.8	6.4	1111.16
-0.7	6.4	816.961
-0.6	6.4	678.428
-0.5	6.4	616.128
-0.4	6.4	579.016
-0.3	6.4	562.208
-0.2	6.4	559.552
-0.0999997	6.4	535.076
3.11434e-07	6.4	521.649
0.1	6.4	500.332
0.2	6.4	483.393
0.3	6.4	456.355
0.4	6.4	425.835
0.5	6.4	390.117
0.6	6.4	343.192
0.7	6.4	291.018
0.8	6.4	224.807
0.9	6.4	157.795
1	6.4	87.8153
1.1	6.4	26.3165
1.2	6.4	0.0941314
1.3	6.4	58.3535
1.4	6.4	357.148
1.5	6.4	327.251
1.6	6.4	208.679
1.7	6.4	667.083
1.8	6.4	4082.93
1.9	6.4	4082.93
2	6.4	4082.93
-2	6.5	323.63
-1.9	6.5	706.978
-1.8	6.5	377.942
-1.6	6.5	149.898
-1.5	6.5	2.15402
-1.4	6.5	265.042
-1.3	6.5	3000.05
-1.2	6.5	4082.93
-1.1	6.5	4082.93
-1	6.5	3994.58
-0.9	6.5	1704.06
-0.8	6.5	1126.4
-0.7	6.5	821.949
-0.6	6.5	679.434
-0.5	6.5	616.13
-0.4	6.5	578.807
-0.3	6.5	561.905
-0.2	6.5	552.089
-0.0999997	6.5	535.437
3.11434e-07	6.5	522.073
0.1	6.5	500.871
0.2	6.5	484.149
0.3	6.5	457.359
0.4	6.5	427.257
0.5	6.5	391.699
0.6	6.5	345.162
0.7	6.5	293.305
0.8	6.5	231.888
0.9	6.5	160.61
1	6.5	90.6348
1.1	6.5	29.7388
1.2	6.5	0.00770064
1.3	6.5	50.9031
1.4	6.5	334.207
1.5	6.5	372.558
1.6	6.5	176.307
1.7	6.5	589.019
1.8	6.5	4082.93
1.9	6.5	4082.93
2	6.5	4082.93
-2	6.6	346.472
-1.9	6.6	755.676
-1.8	6.6	221.35
-1.6	6.6	169.534
-1.5	6.6	6.29636
-1.4	6.6	232.539
-1.3	6.6	2691.26
-1.2	6.6	4082.93
-1.1	6.6	4082.93
-1	6.6	4082.93
-0.9	6.6	1794.96
-0.8	6.6	1143.04
-0.7	6.6	827.4
-0.6	6.6	680.755
-0.5	6.6	616.201
-0.4	6.6	578.627
-0.3	6.6	561.712
-0.2	6.6	550.571
-0.0999997	6.6	535.714
3.11434e-07	6.6	522.559
0.1	6.6	501.456
0.2	6.6	484.676
0.3	6.6	456.603
0.4	6.6	428.554
0.5	6.6	393.754
0.6	6.6	347.197
0.7	6.6	295.53
0.8	6.6	234.64
0.9	6.6	167.221
1	6.6	95.9795
1.1	6.6	31.6379
1.2	6.6	0.231687
1.3	6.6	44.3831
1.4	6.6	306.12
1.5	6.6	414.6
1.6	6.6	143.4
1.7	6.6	539.191
1.8	6.6	4082.93
2	6.6	4082.93
-2	6.7	370.336
-1.9	6.7	806.675
-1.8	6.7	117.064
-1.6	6.7	191.967
-1.5	6.7	11.3167
-1.4	6.7	200.475
-1.3	6.7	2338.28
-1.2	6.7	4082.93
-1.1	6.7	4082.93
-1	6.7	4082.93
-0.9	6.7	1876.7
-0.8	6.7	1160.8
-0.7	6.7	832.4
-0.6	6.7	682.147
-0.5	6.7	616.402
-0.4	6.7	578.413
-0.3	6.7	561.561
-0.2	6.7	549.828
-0.0999997	6.7	535.976
3.11434e-07	6.7	522.909
0.1	6.7	501.965
0.2	6.7	485.624
0.3	6.7	459.881
0.4	6.7	430.229
0.5	6.7	395.465
0.6	6.7	349.423
0.7	6.7	298.053
0.8	6.7	237.002
0.9	6.7	170.011
1	6.7	98.8206
1.1	6.7	35.4991
1.2	6.7	0.480557
1.3	6.7	37.9633
1.4	6.7	279.445
1.5	6.7	454.2
1.6	6.7	110.027
1.7	6.7	487.473
1.8	6.7	4082.93
1.9	6.7	4082.93
-2	6.8	394.903
-1.9	6.8	861.89
-1.8	6.8	51.0618
-1.6	6.8	210.179
-1.5	6.8	18.3501
-1.4	6.8	164.584
-1.3	6.8	1897.63
-1.2	6.8	4082.93
-1.1	6.8	4082.93
-1	6.8	4082.93
-0.9	6.8	1980.51
-0.8	6.8	1178.62
-0.7	6.8	838.217
-0.6	6.8	683.685
-0.5	6.8	616.308
-0.4	6.8	578.218
-0.3	6.8	561.366
-0.2	6.8	549.578
-0.0999997	6.8	536.281
3.11434e-07	6.8	523.395
0.1	6.8	502.605
0.2	6.8	486.686
0.3	6.8	461.11
0.4	6.8	431.384
0.5	6.8	397.064
0.6	6.8	351.246
0.7	6.8	300.25
0.8	6.8	239.805
0.9	6.8	172.793
1	6.8	101.338
1.1	6.8	37.469
1.2	6.8	1.12199
1.3	6.8	32.4343
1.4	6.8	255.407
1.5	6.8	491.044
1.6	6.8	74.7234
1.7	6.8	454.154
1.8	6.8	4082.93
1.9	6.8	4082.93
-2	6.9	423.567
-1.9	6.9	915.346
-1.8	6.9	13.8486
-1.6	6.9	228.333
-1.5	6.9	26.8902
-1.4	6.9	128.943
-1.3	6.9	1457.09
-1.2	6.9	3610.39
-1.1	6.9	4082.93
-1	6.9	4082.93
-0.9	6.9	2116.07
-0.8	6.9	1202.37
-0.7	6.9	844.624
-0.6	6.9	685.203
-0.5	6.9	616.489
-0.4	6.9	578.007
-0.3	6.9	561.162
-0.2	6.9	549.236
-0.0999997	6.9	536.588
3.11434e-07	6.9	523.751
0.1	6.9	503.205
0.2	6.9	487.54
0.3	6.9	462.144
0.4	6.9	432.362
0.5	6.9	398.618
0.6	6.9	358.961
0.7	6.9	302.762
0.8	6.9	242.143
0.9	6.9	175.221
1	6.9	106.837
1.1	6.9	41.3703
1.2	6.9	2.06408
1.3	6.9	29.319
1.4	6.9	232.671
1.5	6.9	522.566
1.6	6.9	47.7881
1.7	6.9	421.434
1.8	6.9	4082.93
2	6.9	4082.93
-2	7	449.915
-1.9	7	970.737
-1.8	7	0.2627
-1.6	7	245.224
-1.5	7	35.7138
-1.4	7	93.9257
-1.3	7	1043.26
-1.2	7	2254.54
-1.1	7	4082.93
-1	7	4082.93
-0.9	7	2282.84
-0.8	7	1227.69
-0.7	7	851.452
-0.6	7	686.912
-0.5	7	616.758
-0.4	7	577.952
-0.3	7	561.141
-0.2	7	548.982
-0.0999997	7	536.92
3.11434e-07	7	524.045
0.1	7	503.639
0.2	7	488.352
0.3	7	463.147
0.4	7	433.798
0.5	7	400.11
0.6	7	360.771
0.7	7	310.15
0.8	7	249.501
0.9	7	181.849
1	7	109.322
1.1	7	43.4191
1.2	7	2.6922
1.3	7	24.8188
1.4	7	212.329
1.5	7	538.149
1.6	7	26.3588
1.7	7	402.091
1.8	7	4082.93
1.9	7	4082.93
2	7	4082.93
-2	7.1	477.295
-1.9	7.1	1821.85
-1.8	7.1	5.50966
-1.6	7.1	262.839
-1.5	7.1	47.6692
-1.4	7.1	63.2357
-1.3	7.1	683.56
-1.2	7.1	1163.58
-1.1	7.1	1839.16
-1	7.1	4082.93
-0.9	7.1	2591.51
-0.8	7.1	1256.71
-0.7	7.1	859.029
-0.6	7.1	688.865
-0.5	7.1	616.897
-0.4	7.1	577.875
-0.3	7.1	560.961
-0.2	7.1	548.825
-0.0999997	7.1	537.182
3.11434e-07	7.1	524.422
0.1	7.1	503.972
0.2	7.1	489.088
0.3	7.1	464.072
0.4	7.1	435.112
0.5	7.1	401.561
0.6	7.1	362.873
0.7	7.1	312.139
0.8	7.1	252.104
0.9	7.1	184.517
1	7.1	111.852
1.1	7.1	47.2922
1.2	7.1	3.9586
1.3	7.1	20.4845
1.4	7.1	194.061
1.5	7.1	557.502
1.6	7.1	11.8827
1.7	7.1	387.8
1.8	7.1	4082.93
1.9	7.1	4082.93
2	7.1	4082.93
-2	7.2	506.252
-1.9	7.2	1405.71
-1.6	7.2	278.612
-1.5	7.2	58.9646
-1.4	7.2	35.996
-1.3	7.2	403.885
-1.2	7.2	394.315
-1.1	7.2	1328.74
-1	7.2	4082.93
-0.9	7.2	3108.71
-0.8	7.2	1288.5
-0.7	7.2	866.718
-0.6	7.2	690.735
-0.5	7.2	617.061
-0.4	7.2	577.761
-0.3	7.2	560.873
-0.2	7.2	548.772
-0.0999997	7.2	537.468
3.11434e-07	7.2	524.84
0.1	7.2	504.796
0.2	7.2	489.87
0.3	7.2	464.986
0.4	7.2	436.333
0.5	7.2	403.397
0.6	7.2	364.579
0.7	7.2	314.464
0.8	7.2	254.287
0.9	7.2	187.198
1	7.2	117.758
1.1	7.2	49.3974
1.2	7.2	4.69417
1.3	7.2	16.8121
1.4	7.2	176.799
1.5	7.2	560.145
1.6	7.2	3.78929
1.7	7.2	374.94
1.8	7.2	4082.93
1.9	7.2	4082.93
2	7.2	4082.93
-2	7.3	539.689
-1.9	7.3	1061.85
-1.7	7.3	380.803
-1.6	7.3	294.664
-1.5	7.3	70.4035
-1.4	7.3	16.6714
-1.3	7.3	198.332
-1.2	7.3	74.7352
-0.9	7.3	4082.93
-0.8	7.3	1337.2
-0.7	7.3	875.931
-0.6	7.3	692.81
-0.5	7.3	617.334
-0.4	7.3	577.557
-0.3	7.3	560.757
-0.2	7.3	548.725
-0.0999997	7.3	537.848
3.11434e-07	7.3	525.096
0.1	7.3	504.931
0.2	7.3	490.946
0.3	7.3	465.898
0.4	7.3	437.508
0.5	7.3	404.698
0.6	7.3	366.231
0.7	7.3	316.469
0.8	7.3	256.438
0.9	7.3	189.467
1	7.3	120.218
1.1	7.3	53.6508
1.2	7.3	6.30459
1.3	7.3	14.8863
1.4	7.3	160.455
1.5	7.3	566.874
1.6	7.3	0.221145
1.7	7.3	368.689
1.8	7.3	4082.93
1.9	7.3	4082.93
2	7.3	4082.93
-2	7.4	570.684
-1.9	7.4	796.545
-1.7	7.4	409.202
-1.6	7.4	310.73
-1.5	7.4	83.8895
-1.4	7.4	4.51994
-1.3	7.4	66.863
-1.2	7.4	1215.86
-1.1	7.4	34.8709
-1	7.4	5.92628
-0.9	7.4	4082.93
-0.8	7.4	1388.47
-0.7	7.4	884.556
-0.6	7.4	695.048
-0.5	7.4	617.756
-0.4	7.4	577.559
-0.3	7.4	560.681
-0.2	7.4	548.632
-0.0999997	7.4	538.211
3.11434e-07	7.4	525.414
0.1	7.4	505.784
0.2	7.4	491.608
0.3	7.4	466.761
0.4	7.4	445.142
0.5	7.4	405.976
0.6	7.4	367.83
0.7	7.4	318.369
0.8	7.4	258.953
0.9	7.4	196.192
1	7.4	122.622
1.1	7.4	55.5983
1.2	7.4	8.12662
1.3	7.4	12.0255
1.4	7.4	145.964
1.5	7.4	559.222
1.6	7.4	0.985829
1.7	7.4	364.127
1.8	7.4	4082.93
1.9	7.4	4082.93
2	7.4	4082.93
-2	7.5	603.908
-1.9	7.5	574.289
-1.7	7.5	438.011
-1.6	7.5	322.975
-1.5	7.5	95.9348
-1.4	7.5	0.027087
-1.3	7.5	13.7234
-1.1	7.5	0.406247
-1	7.5	1.11237
-0.9	7.5	4082.93
-0.8	7.5	1447.06
-0.7	7.5	897.148
-0.6	7.5	697.733
-0.5	7.5	618.068
-0.4	7.5	577.529
-0.3	7.5	560.533
-0.2	7.5	548.593
-0.0999997	7.5	538.567
3.11434e-07	7.5	525.818
0.1	7.5	506.505
0.2	7.5	492.309
0.3	7.5	467.656
0.4	7.5	446.231
0.5	7.5	413.388
0.6	7.5	369.771
0.7	7.5	320.633
0.8	7.5	260.983
0.9	7.5	198.717
1	7.5	128.386
1.1	7.5	60.011
1.2	7.5	9.10343
1.3	7.5	9.31141
1.4	7.5	136.87
1.5	7.5	556.169
1.6	7.5	5.94226
1.7	7.5	361.032
1.8	7.5	4082.93
1.9	7.5	4082.93
2	7.5	4082.93
-2	7.6	637.665
-1.9	7.6	399.745
-1.7	7.6	460.648
-1.6	7.6	335.455
-1.5	7.6	109.896
-1.4	7.6	1.36413
-1.3	7.6	1.05105
-1.1	7.6	8.13406
-1	7.6	27.2928
-0.9	7.6	218.085
-0.8	7.6	1521.62
-0.7	7.6	918.918
-0.6	7.6	700.093
-0.5	7.6	618.463
-0.4	7.6	577.412
-0.3	7.6	560.456
-0.2	7.6	548.585
-0.0999997	7.6	539.098
3.11434e-07	7.6	526.104
0.1	7.6	507.077
0.2	7.6	492.952
0.3	7.6	468.453
0.4	7.6	447.651
0.5	7.6	414.904
0.6	7.6	371.372
0.7	7.6	322.421
0.8	7.6	268.356
0.9	7.6	200.871
1	7.6	130.783
1.1	7.6	62.2171
1.2	7.6	11.2239
1.3	7.6	7.10382
1.4	7.6	124.524
1.5	7.6	536.945
1.6	7.6	15.1107
1.7	7.6	358.378
1.8	7.6	4025.27
1.9	7.6	4082.93
2	7.6	4082.93
-2	7.7	673.344
-1.9	7.7	266.305
-1.7	7.7	481.13
-1.6	7.7	345.621
-1.5	7.7	121.276
-1.4	7.7	8.03164
-1.3	7.7	6.0907
-1.1	7.7	4.14403
-1	7.7	135.239
-0.9	7.7	43.4128
-0.8	7.7	1630.41
-0.7	7.7	933.73
-0.6	7.7	703.231
-0.5	7.7	618.86
-0.4	7.7	577.354
-0.3	7.7	560.307
-0.2	7.7	548.496
-0.0999997	7.7	539.882
3.11434e-07	7.7	526.402
0.1	7.7	507.494
0.2	7.7	493.537
0.3	7.7	469.189
0.4	7.7	448.755
0.5	7.7	416.192
0.6	7.7	372.948
0.7	7.7	324.243
0.8	7.7	270.356
0.9	7.7	203.398
1	7.7	133.13
1.1	7.7	64.1637
1.2	7.7	12.3272
1.3	7.7	5.9394
1.4	7.7	112.822
1.5	7.7	527.464
1.6	7.7	27.0599
1.7	7.7	355.925
1.8	7.7	4014.68
1.9	7.7	4082.93
-2	7.79999	713.678
-1.9	7.79999	170.344
-1.7	7.79999	499.153
-1.6	7.79999	355.381
-1.5	7.79999	134.274
-1.4	7.79999	18.9418
-1.3	7.79999	1782.13
-1.1	7.79999	0.110387
-1	7.79999	244.801
-0.9	7.79999	377.572
-0.8	7.79999	1831.99
-0.7	7.79999	950.804
-0.6	7.79999	706.291
-0.5	7.79999	619.43
-0.4	7.79999	577.345
-0.3	7.79999	560.372
-0.2	7.79999	548.611
-0.0999997	7.79999	542.694
3.11434e-07	7.79999	526.744
0.1	7.79999	507.911
0.2	7.79999	494.103
0.3	7.79999	470.394
0.4	7.79999	449.71
0.5	7.79999	417.523
0.6	7.79999	374.461
0.7	7.79999	325.947
0.8	7.79999	272.76
0.9	7.79999	205.936
1	7.79999	135.215
1.1	7.79999	68.8078
1.2	7.79999	14.6066
1.3	7.79999	4.23665
1.4	7.79999	102.507
1.5	7.79999	502.71
1.6	7.79999	42.417
1.7	7.79999	352.264
1.8	7.79999	3927.58
1.9	7.79999	4082.93
-2	7.89999	751.619
-1.9	7.89999	97.6532
-1.7	7.89999	514.731
-1.6	7.89999	363.425
-1.5	7.89999	145.102
-1.4	7.89999	31.8896
-1.3	7.89999	1189.52
-1.2	7.89999	0.112025
-1.1	7.89999	10.0758
-1	7.89999	329.997
-0.9	7.89999	567.711
-0.8	7.89999	2326.88
-0.7	7.89999	969.296
-0.6	7.89999	709.517
-0.5	7.89999	619.713
-0.4	7.89999	577.277
-0.3	7.89999	560.298
-0.2	7.89999	548.605
-0.0999997	7.89999	539.15
3.11434e-07	7.89999	527.102
0.1	7.89999	508.387
0.2	7.89999	494.748
0.3	7.89999	471.087
0.4	7.89999	450.632
0.5	7.89999	419.129
0.6	7.89999	375.895
0.7	7.89999	333.615
0.8	7.89999	274.628
0.9	7.89999	212.24
1	7.89999	141.071
1.1	7.89999	70.7904
1.2	7.89999	15.8063
1.3	7.89999	3.45784
1.4	7.89999	92.0906
1.5	7.89999	478.134
1.6	7.89999	60.7585
1.7	7.89999	348.166
1.8	7.89999	3839.83
1.9	7.89999	4082.93
-2	7.99999	791.194
-1.9	7.99999	49.404
-1.7	7.99999	528.295
-1.6	7.99999	370.141
-1.5	7.99999	155.378
-1.4	7.99999	42.6214
-1.3	7.99999	778.854
-1.2	7.99999	4.39648
-1.1	7.99999	34.1521
-1	7.99999	379.217
-0.9	7.99999	612.41
-0.8	7.99999	4082.93
-0.7	7.99999	994.548
-0.6	7.99999	713.299
-0.5	7.99999	620.429
-0.4	7.99999	577.209
-0.3	7.99999	560.253
-0.2	7.99999	548.61
-0.0999997	7.99999	539.063
3.11434e-07	7.99999	527.409
0.1	7.99999	508.821
0.2	7.99999	495.355
0.3	7.99999	478.667
0.4	7.99999	451.572
0.5	7.99999	420.36
0.6	7.99999	377.337
0.7	7.99999	335.269
0.8	7.99999	276.5
0.9	7.99999	214.639
1	7.99999	143.417
1.1	7.99999	72.7211
1.2	7.99999	18.4658
1.3	7.99999	2.20713
1.4	7.99999	86.5132
1.5	7.99999	461.037
1.6	7.99999	82.445
1.7	7.99999	341.459
1.8	7.99999	3821.24
1.9	7.99999	4082.93
-2	8.09999	835.054
-1.9	8.09999	18.2323
-1.7	8.09999	538.6
-1.6	8.09999	374.847
-1.5	8.09999	163.978
-1.4	8.09999	41.7425
-1.2	8.09999	11.5977
-1.1	8.09999	66.9485
-1	8.09999	405.615
-0.9	8.09999	605.603
-0.8	8.09999	142.186
-0.7	8.09999	1024.12
-0.6	8.09999	717.165
-0.5	8.09999	620.942
-0.4	8.09999	577.337
-0.3	8.09999	560.216
-0.2	8.09999	548.583
-0.0999997	8.09999	538.989
3.11434e-07	8.09999	527.618
0.1	8.09999	509.253
0.2	8.09999	495.831
0.3	8.09999	479.358
0.4	8.09999	452.447
0.5	8.09999	421.44
0.6	8.09999	385.111
0.7	8.09999	336.964
0.8	8.09999	278.775
0.9	8.09999	216.632
1	8.09999	145.754
1.1	8.09999	77.2999
1.2	8.09999	19.6319
1.3	8.09999	1.29428
1.4	8.09999	78.2915
1.5	8.09999	432.756
1.6	8.09999	106.681
1.7	8.09999	332.623
1.8	8.09999	3730.58
1.9	8.09999	4082.93
-2	8.2	877.555
-1.9	8.2	2.85926
-1.7	8.2	548.194
-1.6	8.2	377.781
-1.5	8.2	171.718
-1.4	8.2	43.2094
-1.2	8.2	14.6745
-1.1	8.2	99.703
-1	8.2	419.133
-0.9	8.2	581.397
-0.8	8.2	781.978
-0.7	8.2	1065.52
-0.6	8.2	721.508
-0.5	8.2	621.842
-0.4	8.2	577.366
-0.3	8.2	560.231
-0.2	8.2	548.605
-0.0999997	8.2	538.996
3.11434e-07	8.2	528.303
0.1	8.2	509.752
0.2	8.2	496.374
0.3	8.2	480.027
0.4	8.2	453.317
0.5	8.2	422.623
0.6	8.2	386.416
0.7	8.2	338.589
0.8	8.2	280.676
0.9	8.2	219.023
1	8.2	148.002
1.1	8.2	79.5457
1.2	8.2	22.5191
1.3	8.2	0.900567
1.4	8.2	70.0183
1.5	8.2	405.099
1.6	8.2	133.545
1.7	8.2	321.012
1.8	8.2	767.596
1.9	8.2	4082.93
-2	8.3	2394.38
-1.9	8.3	0.302453
-1.7	8.3	555.038
-1.6	8.3	381.432
-1.5	8.3	176.978
-1.4	8.3	59.2901
-1.2	8.3	13.2968
-1.1	8.3	129.717
-1	8.3	422.892
-0.9	8.3	556.112
-0.8	8.3	750.222
-0.7	8.3	1119.4
-0.6	8.3	726.067
-0.5	8.3	622.613
-0.4	8.3	577.391
-0.3	8.3	560.15
-0.2	8.3	548.946
-0.0999997	8.3	539.093
3.11434e-07	8.3	528.609
0.1	8.3	510.136
0.2	8.3	496.926
0.3	8.3	480.631
0.4	8.3	454.096
0.5	8.3	423.73
0.6	8.3	387.834
0.7	8.3	340.634
0.8	8.3	287.556
0.9	8.3	220.99
1	8.3	154.042
1.1	8.3	81.4808
1.2	8.3	23.7563
1.3	8.3	0.341234
1.4	8.3	62.7896
1.5	8.3	388.618
1.6	8.3	159.073
1.7	8.3	308.187
1.8	8.3	703.766
1.9	8.3	4082.93
-2	8.4	1990.61
-1.9	8.4	7.42994
-1.7	8.4	563.088
-1.6	8.4	382.166
-1.5	8.4	178.94
-1.4	8.4	86.7406
-1.2	8.4	9.30829
-1.1	8.4	157.949
-1	8.4	420.862
-0.9	8.4	530.447
-0.8	8.4	657.491
-0.7	8.4	1186.89
-0.6	8.4	731.46
-0.5	8.4	623.281
-0.4	8.4	577.369
-0.3	8.4	560.077
-0.2	8.4	549.075
-0.0999997	8.4	539.214
3.11434e-07	8.4	528.794
0.1	8.4	510.524
0.2	8.4	497.46
0.3	8.4	481.114
0.4	8.4	455.001
0.5	8.4	424.855
0.6	8.4	389.048
0.7	8.4	342.136
0.8	8.4	289.748
0.9	8.4	223.262
1	8.4	155.904
1.1	8.4	86.1817
1.2	8.4	25.1785
1.3	8.4	0.175266
1.4	8.4	58.8408
1.5	8.4	362.246
1.6	8.4	190.179
1.7	8.4	290.83
1.8	8.4	654.247
1.9	8.4	4082.93
-2	8.5	1654.37
-1.9	8.5	22.0776
-1.7	8.5	567.124
-1.6	8.5	381.272
-1.5	8.5	175.878
-1.4	8.5	137.519
-1.2	8.5	4.13748
-1.1	8.5	179.918
-1	8.5	413.831
-0.9	8.5	501.807
-0.8	8.5	591.215
-0.7	8.5	1286.83
-0.6	8.5	737.634
-0.5	8.5	624.62
-0.4	8.5	577.438
-0.3	8.5	560.051
-0.2	8.5	549.011
-0.0999997	8.5	539.193
3.11434e-07	8.5	529.078
0.1	8.5	518.066
0.2	8.5	497.942
0.3	8.5	481.992
0.4	8.5	456.051
0.5	8.5	425.789
0.6	8.5	390.437
0.7	8.5	343.738
0.8	8.5	291.508
0.9	8.5	229.695
1	8.5	158.167
1.1	8.5	88.1747
1.2	8.5	28.1718
1.3	8.5	0.00692962
1.4	8.5	52.3397
1.5	8.5	336.838
1.6	8.5	217.718
1.7	8.5	270.949
1.8	8.5	613.431
1.9	8.5	4082.93
-2	8.6	1353.42
-1.7	8.6	568.788
-1.6	8.6	378.488
-1.5	8.6	167.146
-1.4	8.6	1691.38
-1.2	8.6	1.14004
-1.1	8.6	195.613
-1	8.6	401.793
-0.9	8.6	453.405
-0.8	8.6	541.921
-0.7	8.6	1485.76
-0.6	8.6	744.293
-0.5	8.6	625.738
-0.4	8.6	577.493
-0.3	8.6	559.982
-0.2	8.6	549.06
-0.0999997	8.6	539.313
3.11434e-07	8.6	529.354
0.1	8.6	518.517
0.2	8.6	498.421
0.3	8.6	482.716
0.4	8.6	456.805
0.5	8.6	426.871
0.6	8.6	391.684
0.7	8.6	345.206
0.8	8.6	293.184
0.9	8.6	231.958
1	8.6	160.449
1.1	8.6	90.1331
1.2	8.6	29.6841
1.3	8.6	0.00959196
1.4	8.6	46.6716
1.5	8.6	312.298
1.6	8.6	244.86
1.7	8.6	250.368
1.8	8.6	578.759
1.9	8.6	4082.93
-2	8.7	1092.99
-1.8	8.7	530.589
-1.7	8.7	569.054
-1.6	8.7	373.837
-1.5	8.7	150.246
-1.4	8.7	1335.09
-1.2	8.7	0.000126982
-1.1	8.7	208.217
-1	8.7	386.189
-0.9	8.7	353.795
-0.8	8.7	49.2536
-0.7	8.7	231.261
-0.6	8.7	753.829
-0.5	8.7	626.705
-0.4	8.7	577.659
-0.3	8.7	559.925
-0.2	8.7	549.034
-0.0999997	8.7	539.47
3.11434e-07	8.7	529.599
0.1	8.7	518.787
0.2	8.7	498.832
0.3	8.7	483.599
0.4	8.7	458.034
0.5	8.7	427.833
0.6	8.7	393.389
0.7	8.7	346.955
0.8	8.7	295.336
0.9	8.7	233.835
1	8.7	166.411
1.1	8.7	94.9975
1.2	8.7	32.7141
1.3	8.7	0.182996
1.4	8.7	43.3531
1.5	8.7	297.668
1.6	8.7	277.969
1.7	8.7	225.393
1.8	8.7	536.888
1.9	8.7	4082.93
-2	8.8	884.173
-1.8	8.8	550.542
-1.7	8.8	567.797
-1.6	8.8	368.034
-1.5	8.8	141.023
-1.4	8.8	1052.55
-1.3	8.8	0.189502
-1.2	8.8	1.09612
-1.1	8.8	216.418
-1	8.8	364.847
-0.9	8.8	78.0122
-0.8	8.8	2450.52
-0.7	8.8	853.254
-0.6	8.8	763.682
-0.5	8.8	627.862
-0.4	8.8	577.713
-0.3	8.8	560.03
-0.2	8.8	549.041
-0.0999997	8.8	539.554
3.11434e-07	8.8	529.83
0.1	8.8	519.068
0.2	8.8	499.286
0.3	8.8	484.204
0.4	8.8	458.939
0.5	8.8	429.179
0.6	8.8	394.613
0.7	8.8	348.493
0.8	8.8	296.99
0.9	8.8	235.991
1	8.8	168.331
1.1	8.8	96.9592
1.2	8.8	34.276
1.3	8.8	0.341894
1.4	8.8	38.2518
1.5	8.8	274.797
1.6	8.8	306.365
1.7	8.8	201.828
1.8	8.8	511.078
1.9	8.8	4082.93
-2	8.9	697.986
-1.8	8.9	570.241
-1.7	8.9	561.673
-1.6	8.9	359.396
-1.5	8.9	138.614
-1.4	8.9	821.097
-1.3	8.9	0.910732
-1.2	8.9	4.18773
-1.1	8.9	220.994
-1	8.9	333.509
-0.9	8.9	28.3493
-0.8	8.9	1218.82
-0.7	8.9	614.862
-0.6	8.9	776.142
-0.5	8.9	629.16
-0.4	8.9	577.776
-0.3	8.9	559.92
-0.2	8.9	549.17
-0.0999997	8.9	539.641
3.11434e-07	8.9	530.053
0.1	8.9	519.365
0.2	8.9	499.677
0.3	8.9	484.819
0.4	8.9	459.742
0.5	8.9	430.22
0.6	8.9	395.865
0.7	8.9	349.979
0.8	8.9	298.667
0.9	8.9	237.79
1	8.9	170.484
1.1	8.9	98.9312
1.2	8.9	35.6376
1.3	8.9	0.827343
1.4	8.9	33.8291
1.5	8.9	254.281
1.6	8.9	333.446
1.7	8.9	173.785
1.8	8.9	488.694
1.9	8.9	4082.93
-2	9	547.409
-1.8	9	584.573
-1.7	9	557.277
-1.6	9	348.168
-1.5	9	142.368
-1.4	9	637.782
-1.3	9	4.70101
-1.2	9	9.68867
-1.1	9	222.396
-1	9	282.81
-0.9	9	3263.45
-0.8	9	1586.11
-0.7	9	915.971
-0.6	9	794.104
-0.5	9	630.49
-0.4	9	577.919
-0.3	9	560.024
-0.2	9	549.204
-0.0999997	9	539.752
3.11434e-07	9	530.334
0.1	9	519.737
0.2	9	500.091
0.3	9	485.457
0.4	9	460.59
0.5	9	431.262
0.6	9	397.05
0.7	9	351.392
0.8	9	300.61
0.9	9	239.596
1	9	172.276
1.1	9	100.856
1.2	9	39.043
1.3	9	1.12683
1.4	9	31.3694
1.5	9	242.485
1.6	9	358.967
1.7	9	148.274
1.8	9	469.548
1.9	9	4082.93
-2	9.1	419.385
-1.8	9.1	597.465
-1.7	9.1	552.151
-1.6	9.1	334.706
-1.5	9.1	150.203
-1.3	9.1	9.21092
-1.2	9.1	15.6238
-1.1	9.1	220.888
-1	9.1	230.448
-0.9	9.1	4082.93
-0.8	9.1	4082.93
-0.7	9.1	772.453
-0.6	9.1	816.648
-0.5	9.1	631.872
-0.4	9.1	578.035
-0.3	9.1	559.899
-0.2	9.1	549.281
-0.0999997	9.1	539.859
3.11434e-07	9.1	530.477
0.1	9.1	520.107
0.2	9.1	500.329
0.3	9.1	486.082
0.4	9.1	461.324
0.5	9.1	432.273
0.6	9.1	398.226
0.7	9.1	358.613
0.8	9.1	302.224
0.9	9.1	241.675
1	9.1	174.475
1.1	9.1	105.889
1.2	9.1	40.464
1.3	9.1	1.912
1.4	9.1	27.1192
1.5	9.1	224.686
1.6	9.1	382.531
1.7	9.1	122.846
1.8	9.1	447.351
1.9	9.1	4082.93
2	9.1	4082.93
-2	9.2	315.911
-1.8	9.2	607.507
-1.7	9.2	544.801
-1.6	9.2	316.837
-1.5	9.2	164.777
-1.3	9.2	13.2498
-1.2	9.2	22.0752
-1.1	9.2	216.219
-1	9.2	158.846
-0.9	9.2	4082.93
-0.8	9.2	88.9184
-0.7	9.2	280.096
-0.6	9.2	852.159
-0.5	9.2	633.755
-0.4	9.2	578.247
-0.3	9.2	559.96
-0.2	9.2	549.283
-0.0999997	9.2	539.988
3.11434e-07	9.2	530.757
0.1	9.2	520.494
0.2	9.2	500.915
0.3	9.2	486.713
0.4	9.2	462.046
0.5	9.2	433.196
0.6	9.2	399.258
0.7	9.2	360.306
0.8	9.2	303.815
0.9	9.2	248.159
1	9.2	180.54
1.1	9.2	107.808
1.2	9.2	42.1177
1.3	9.2	2.3339
1.4	9.2	24.9578
1.5	9.2	207.633
1.6	9.2	397.18
1.7	9.2	98.3973
1.8	9.2	435.206
1.9	9.2	4082.93
2	9.2	4082.93
-2	9.3	227.938
-1.8	9.3	616.094
-1.7	9.3	535.819
-1.6	9.3	295.806
-1.5	9.3	183.462
-1.3	9.3	15.9549
-1.2	9.3	28.6866
-1.1	9.3	209.642
-1	9.3	74.718
-0.9	9.3	4082.93
-0.8	9.3	271.149
-0.7	9.3	372.533
-0.6	9.3	914.206
-0.5	9.3	635.673
-0.4	9.3	578.386
-0.3	9.3	560.01
-0.2	9.3	549.247
-0.0999997	9.3	540.116
3.11434e-07	9.3	530.985
0.1	9.3	520.864
0.2	9.3	501.469
0.3	9.3	487.224
0.4	9.3	462.792
0.5	9.3	434.069
0.6	9.3	400.462
0.7	9.3	361.681
0.8	9.3	310.609
0.9	9.3	250.145
1	9.3	182.301
1.1	9.3	109.796
1.2	9.3	45.5596
1.3	9.3	3.33421
1.4	9.3	21.4887
1.5	9.3	197.115
1.6	9.3	417.615
1.7	9.3	75.3604
1.8	9.3	425.487
1.9	9.3	4082.93
2	9.3	4082.93
-2	9.4	161.495
-1.8	9.4	622.942
-1.7	9.4	526.334
-1.6	9.4	281.133
-1.5	9.4	211.052
-1.3	9.4	17.6575
-1.2	9.4	35.2415
-1.1	9.4	198.901
-1	9.4	10.3874
-0.9	9.4	4082.93
-0.8	9.4	337.891
-0.7	9.4	418.731
-0.6	9.4	1032.01
-0.5	9.4	637.615
-0.4	9.4	578.515
-0.3	9.4	559.959
-0.2	9.4	549.326
-0.0999997	9.4	540.261
3.11434e-07	9.4	531.319
0.1	9.4	521.148
0.2	9.4	501.927
0.3	9.4	487.789
0.4	9.4	463.574
0.5	9.4	434.982
0.6	9.4	401.953
0.7	9.4	362.91
0.8	9.4	312.495
0.9	9.4	251.912
1	9.4	184.499
1.1	9.4	111.679
1.2	9.4	46.9983
1.3	9.4	3.87168
1.4	9.4	18.246
1.5	9.4	182.442
1.6	9.4	433.854
1.7	9.4	54.078
1.8	9.4	417.839
1.9	9.4	4078.81
2	9.4	4082.93
-2	9.5	106.415
-1.8	9.5	627.015
-1.7	9.5	514.468
-1.6	9.5	269.745
-1.5	9.5	2182.32
-1.3	9.5	18.0841
-1.2	9.5	41.1057
-1.1	9.5	186.654
-1	9.5	5.00867
-0.9	9.5	4082.93
-0.8	9.5	371.233
-0.7	9.5	457.362
-0.6	9.5	1251.27
-0.5	9.5	639.851
-0.4	9.5	578.804
-0.3	9.5	560.018
-0.2	9.5	549.32
-0.0999997	9.5	540.38
3.11434e-07	9.5	531.435
0.1	9.5	521.481
0.2	9.5	502.901
0.3	9.5	488.412
0.4	9.5	464.161
0.5	9.5	435.875
0.6	9.5	402.94
0.7	9.5	364.25
0.8	9.5	314.055
0.9	9.5	253.571
1	9.5	186.148
1.1	9.5	116.783
1.2	9.5	48.6704
1.3	9.5	5.20236
1.4	9.5	16.7519
1.5	9.5	168.412
1.6	9.5	449.252
1.7	9.5	36.3128
1.8	9.5	409.231
1.9	9.5	4027.45
2	9.5	4082.93
-2	9.6	66.7234
-1.8	9.6	630.177
-1.7	9.6	501.726
-1.6	9.6	260.571
-1.5	9.6	1897.75
-1.3	9.6	17.5082
-1.2	9.6	48.1799
-1.1	9.6	170.923
-1	9.6	25.6699
-0.9	9.6	651.539
-0.8	9.6	399.438
-0.7	9.6	487.025
-0.6	9.6	637.711
-0.5	9.6	642.192
-0.4	9.6	579.053
-0.3	9.6	559.971
-0.2	9.6	549.412
-0.0999997	9.6	540.373
3.11434e-07	9.6	531.672
0.1	9.6	521.587
0.2	9.6	503.377
0.3	9.6	489.277
0.4	9.6	464.78
0.5	9.6	436.733
0.6	9.6	404.023
0.7	9.6	365.49
0.8	9.6	315.603
0.9	9.6	255.572
1	9.6	188.248
1.1	9.6	118.433
1.2	9.6	52.324
1.3	9.6	5.85292
1.4	9.6	13.9587
1.5	9.6	160.128
1.6	9.6	454.432
1.7	9.6	22.6006
1.8	9.6	405.423
1.9	9.6	3975.1
2	9.6	4082.93
-2	9.7	36.4685
-1.8	9.7	631.744
-1.7	9.7	486.728
-1.6	9.7	253.934
-1.5	9.7	1666.52
-1.3	9.7	16.1405
-1.2	9.7	53.1332
-1.1	9.7	152.801
-1	9.7	0.142958
-0.9	9.7	66.0751
-0.8	9.7	427.898
-0.7	9.7	508.411
-0.6	9.7	356.407
-0.5	9.7	645.276
-0.4	9.7	579.221
-0.3	9.7	560.055
-0.2	9.7	549.438
-0.0999997	9.7	540.522
3.11434e-07	9.7	531.799
0.1	9.7	521.987
0.2	9.7	503.763
0.3	9.7	489.845
0.4	9.7	465.49
0.5	9.7	437.605
0.6	9.7	404.984
0.7	9.7	366.778
0.8	9.7	316.975
0.9	9.7	257.17
1	9.7	189.959
1.1	9.7	120.359
1.2	9.7	53.7853
1.3	9.7	7.3357
1.4	9.7	12.6702
1.5	9.7	148.055
1.6	9.7	464.264
1.7	9.7	12.4315
1.8	9.7	402.942
1.9	9.7	4000.79
2	9.7	4082.93
-2	9.8	17.0022
-1.8	9.8	631.797
-1.7	9.8	471.007
-1.6	9.8	249.604
-1.5	9.8	1440.66
-1.3	9.8	14.1977
-1.2	9.8	57.0685
-1.1	9.8	128.936
-0.9	9.8	20.5829
-0.8	9.8	450.284
-0.7	9.8	532.972
-0.6	9.8	452.04
-0.5	9.8	648.466
-0.4	9.8	579.595
-0.3	9.8	560.059
-0.2	9.8	549.574
-0.0999997	9.8	540.669
3.11434e-07	9.8	532.088
0.1	9.8	522.244
0.2	9.8	504.109
0.3	9.8	490.347
0.4	9.8	466.199
0.5	9.8	444.913
0.6	9.8	406.118
0.7	9.8	368.418
0.8	9.8	318.807
0.9	9.8	258.806
1	9.8	196.143
1.1	9.8	122.247
1.2	9.8	55.2863
1.3	9.8	8.08826
1.4	9.8	10.2845
1.5	9.8	136.565
1.6	9.8	471.145
1.7	9.8	6.09729
1.8	9.8	401.55
1.9	9.8	3947.21
2	9.8	4082.93
-2	9.9	4.91067
-1.8	9.9	630.285
-1.7	9.9	456.973
-1.6	9.9	247.52
-1.5	9.9	1257.83
-1.3	9.9	12.0407
-1.2	9.9	60.2374
-1.1	9.9	107.853
-1	9.9	1339.52
-0.9	9.9	141.688
-0.8	9.9	469.683
-0.7	9.9	547.759
-0.6	9.9	507.547
-0.5	9.9	652.289
-0.4	9.9	579.812
-0.3	9.9	560.084
-0.2	9.9	549.53
-0.0999997	9.9	540.751
3.11434e-07	9.9	532.201
0.1	9.9	522.487
0.2	9.9	504.539
0.3	9.9	490.897
0.4	9.9	466.782
0.5	9.9	446.032
0.6	9.9	407.148
0.7	9.9	369.563
0.8	9.9	320.17
0.9	9.9	260.718
1	9.9	197.76
1.1	9.9	127.489
1.2	9.9	59.3076
1.3	9.9	8.77741
1.4	9.9	9.20347
1.5	9.9	130.123
1.6	9.9	467.629
1.7	9.9	1.67461
1.8	9.9	400.616
1.9	9.9	3893.6
2	9.9	4082.93
-2	10	0.270103
-1.8	10	627.521
-1.7	10	443.094
-1.6	10	246.431
-1.5	10	1088.5
-1.3	10	9.85869
-1.2	10	62.4411
-1.1	10	86.7932
-1	10	3480.07
-0.9	10	224.338
-0.8	10	486.8
-0.7	10	557.905
-0.6	10	542.684
-0.5	10	656.78
-0.4	10	580.313
-0.3	10	560.061
-0.2	10	549.542
-0.0999997	10	540.894
3.11434e-07	10	532.477
0.1	10	522.822
0.2	10	504.94
0.3	10	491.32
0.4	10	467.45
0.5	10	446.886
0.6	10	414.335
0.7	10	370.775
0.8	10	321.65
0.9	10	267.119
1	10	199.731
1.1	10	129.054
1.2	10	60.8024
1.3	10	10.5312
1.4	10	7.34042
1.5	10	119.451
1.6	10	468.898
1.7	10	0.0725977
1.8	10	399.581
1.9	10	3839.4
2	10	4082.93
