-2	0.5	1.77E+02
-1.9	0.5	178.498
-1.8	0.5	181.718
-1.7	0.5	181.314
-1.6	0.5	182.285
-1.5	0.5	183.188
-1.4	0.5	178.928
-1.3	0.5	173.49
-1	0.5	39.2743
-0.8	0.5	457.521
-0.7	0.5	3.06806
-0.6	0.5	18.0469
-0.5	0.5	187.109
-0.4	0.5	12.5657
-0.3	0.5	820.153
-0.2	0.5	334.876
-0.0999997	0.5	237.781
3.11E-07	0.5	158.499
0.1	0.5	74.9669
0.2	0.5	10.7536
0.3	0.5	58.3135
0.4	0.5	385.561
0.5	0.5	1078.76
0.6	0.5	1786.03
0.7	0.5	9342.04
0.8	0.5	1847.92
0.9	0.5	5539.5
1	0.5	5539.5
1.1	0.5	5539.5
1.4	0.5	5539.5
1.5	0.5	5539.5
1.7	0.5	5362.01
1.8	0.5	4787.86
2	0.5	4995.23
-2	0.6	177.615
-1.9	0.6	185.021
-1.8	0.6	1.12193
-1.7	0.6	5.11182
-1.6	0.6	14.7527
-1.5	0.6	15.4906
-1.4	0.6	28.7211
-1.3	0.6	18.1438
-1.2	0.6	7.18764
-1.1	0.6	270.781
-1	0.6	281.585
-0.9	0.6	1.21795
-0.8	0.6	0.806354
-0.7	0.6	208.951
-0.6	0.6	141.564
-0.5	0.6	86.0574
-0.4	0.6	102.932
-0.3	0.6	587.319
-0.2	0.6	311.934
-0.0999997	0.6	276.428
3.11E-07	0.6	208.343
0.1	0.6	136.762
0.2	0.6	54.9744
0.3	0.6	2.02818
0.4	0.6	123.292
0.5	0.6	565.587
0.6	0.6	1389.11
0.7	0.6	8002.59
0.8	0.6	2186.67
0.9	0.6	38.911
1	0.6	5539.5
1.1	0.6	5539.5
1.3	0.6	5539.5
1.4	0.6	5539.5
1.6	0.6	5539.5
1.7	0.6	5479.35
1.8	0.6	4956.44
1.9	0.6	5018.21
2	0.6	5025.22
-1.9	0.7	162.199
-1.8	0.7	178.419
-1.7	0.7	192.515
-1.6	0.7	213.004
-1.5	0.7	3.00218
-1.4	0.7	11.7186
-1.3	0.7	21.9619
-1.2	0.7	48.633
-1.1	0.7	367.852
-1	0.7	472.313
-0.9	0.7	705.732
-0.7	0.7	1.19838
-0.6	0.7	94.9648
-0.5	0.7	67.6579
-0.4	0.7	491.019
-0.3	0.7	407.048
-0.2	0.7	364.174
-0.0999997	0.7	307.802
3.11E-07	0.7	246.909
0.1	0.7	180.834
0.2	0.7	101.191
0.3	0.7	25.5503
0.4	0.7	6.22588
0.5	0.7	255.285
0.6	0.7	906.559
0.7	0.7	1699.59
0.8	0.7	9317.05
0.9	0.7	1967.53
1	0.7	1423.46
1.1	0.7	5539.5
1.3	0.7	5539.5
1.4	0.7	5539.5
1.5	0.7	5539.5
1.6	0.7	5539.5
1.9	0.7	5176.22
-2	0.8	41.0172
-1.9	0.8	73.9173
-1.5	0.8	203.65
-1.4	0.8	236.447
-1.3	0.8	0.471597
-1.2	0.8	329.647
-1.1	0.8	51.787
-0.9	0.8	681.567
-0.8	0.8	5.61655
-0.7	0.8	22.7899
-0.6	0.8	131.947
-0.5	0.8	239.733
-0.4	0.8	203.227
-0.3	0.8	403.738
-0.2	0.8	427.013
-0.0999997	0.8	327.092
3.11E-07	0.8	275.749
0.1	0.8	216.395
0.2	0.8	140.691
0.3	0.8	62.1869
0.4	0.8	3.14711
0.5	0.8	88.0233
0.6	0.8	515.896
0.7	0.8	1408.16
0.8	0.8	8071.92
0.9	0.8	2163.86
1	0.8	80.5364
1.1	0.8	5539.5
1.2	0.8	5539.5
1.3	0.8	5539.5
1.4	0.8	5539.5
1.5	0.8	5539.5
1.6	0.8	5539.5
1.7	0.8	5539.5
1.8	0.8	5539.5
1.9	0.8	5539.5
-2	0.9	172.617
-1.9	0.9	194.354
-1.8	0.9	225.286
-1.7	0.9	10.991
-1.6	0.9	38.4623
-1.5	0.9	104.3
-1	0.9	94.9017
-0.9	0.9	249.385
-0.8	0.9	125.255
-0.6	0.9	105.571
-0.5	0.9	509.953
-0.4	0.9	468.292
-0.3	0.9	564.305
-0.2	0.9	402.821
-0.0999997	0.9	348.811
3.11E-07	0.9	301.074
0.1	0.9	240.973
0.2	0.9	176.733
0.3	0.9	97.4832
0.4	0.9	22.5831
0.5	0.9	9.76033
0.6	0.9	269.915
0.7	0.9	1012.4
0.8	0.9	1790.8
0.9	0.9	9337.66
1	0.9	741.902
1.1	0.9	2614.69
1.2	0.9	5539.5
1.4	0.9	5539.5
1.5	0.9	5539.5
1.6	0.9	5539.5
2	0.9	4746.08
-2	1	11.79
-1.9	1	52.297
-1.5	1	259.897
-1.4	1	0.271843
-1.3	1	18.1208
-1.2	1	168.884
-1.1	1	34.1733
-0.8	1	0.689093
-0.7	1	912.324
-0.6	1	276.796
-0.5	1	406.259
-0.4	1	478.079
-0.3	1	851.216
-0.2	1	330.887
-0.0999997	1	359.954
3.11E-07	1	318.92
0.1	1	261.227
0.2	1	203.517
0.3	1	125.831
0.4	1	47.676
0.5	1	0.160013
0.6	1	125.018
0.7	1	647.702
0.8	1	1569.27
0.9	1	9187.86
1	1	2077.09
1.1	1	374.419
1.3	1	5539.5
1.4	1	3956.87
1.6	1	5539.5
1.8	1	5539.5
1.9	1	5539.5
-1.8	1.1	213.156
-1.7	1.1	6.06008
-1.6	1.1	11.754
-1.5	1.1	71.2692
-1	1.1	685.15
-0.9	1.1	409.987
-0.8	1.1	269.891
-0.7	1.1	221.578
-0.6	1.1	2000.29
-0.5	1.1	64.5954
-0.4	1.1	384.268
-0.3	1.1	605.93
-0.2	1.1	390.89
-0.0999997	1.1	379.092
3.11E-07	1.1	334.804
0.1	1.1	286.278
0.2	1.1	226.678
0.3	1.1	153.319
0.4	1.1	73.5485
0.5	1.1	9.38512
0.6	1.1	37.2485
0.7	1.1	399.851
0.8	1.1	1354.88
0.9	1.1	1958.59
1	1.1	2154.7
1.1	1.1	55.6072
1.2	1.1	5539.5
1.5	1.1	5539.5
1.6	1.1	5539.5
1.7	1.1	5539.5
1.8	1.1	5539.5
1.9	1.1	5539.5
-2	1.2	209.502
-1.9	1.2	9.32492
-1.8	1.2	5.25232
-1.7	1.2	73.0882
-1.4	1.2	22.6481
-1.3	1.2	11.3499
-1.1	1.2	2.92579
-0.9	1.2	13.692
-0.7	1.2	1467.42
-0.6	1.2	3.22717
-0.5	1.2	827.294
-0.4	1.2	794.598
-0.3	1.2	493.726
-0.2	1.2	392.078
-0.0999997	1.2	389.113
3.11E-07	1.2	343.717
0.1	1.2	299.294
0.2	1.2	242.833
0.3	1.2	177.097
0.4	1.2	97.5788
0.5	1.2	24.8983
0.6	1.2	6.49757
0.7	1.2	234.675
0.8	1.2	1000.27
0.9	1.2	1807.84
1	1.2	9302.93
1.1	1.2	181.906
1.2	1.2	1757
1.3	1.2	5539.5
1.4	1.2	5539.5
1.6	1.2	5539.5
1.8	1.2	5539.5
1.9	1.2	5412.18
-2	1.3	2.25192
-1.9	1.3	47.7313
-1.6	1.3	258.982
-1.5	1.3	4.11449
-1.4	1.3	50.8524
-1.3	1.3	391.101
-1.2	1.3	1.28773
-1.1	1.3	221.338
-1	1.3	35.3657
-0.9	1.3	198.485
-0.8	1.3	214.378
-0.7	1.3	182.823
-0.6	1.3	1150.12
-0.5	1.3	317.052
-0.4	1.3	486.761
-0.3	1.3	443.694
-0.2	1.3	447.107
-0.0999997	1.3	393.187
3.11E-07	1.3	356.738
0.1	1.3	315.398
0.2	1.3	258.887
0.3	1.3	197.33
0.4	1.3	121.501
0.5	1.3	44.0067
0.6	1.3	3.82E-07
0.7	1.3	126.146
0.8	1.3	691.236
0.9	1.3	1644.9
1	1.3	9307.21
1.1	1.3	1893.33
1.2	1.3	565.964
1.3	1.3	5539.5
1.5	1.3	5539.5
1.8	1.3	5539.5
1.9	1.3	5539.5
2	1.3	5086.48
-2	1.4	79.47
-1.7	1.4	287.418
-1.6	1.4	4.89817
-1.5	1.4	64.21
-1.4	1.4	189.294
-1.3	1.4	18.5826
-1.1	1.4	1537.02
-1	1.4	540.829
-0.9	1.4	22.8407
-0.8	1.4	1151.24
-0.7	1.4	53.8045
-0.6	1.4	200.229
-0.5	1.4	663.714
-0.4	1.4	793.379
-0.3	1.4	548.77
-0.2	1.4	429.102
-0.0999997	1.4	400.717
3.11E-07	1.4	363.576
0.1	1.4	322.825
0.2	1.4	273.988
0.3	1.4	214.161
0.4	1.4	141.489
0.5	1.4	63.0464
0.6	1.4	4.70681
0.7	1.4	55.9757
0.8	1.4	464.915
0.9	1.4	1482.47
1	1.4	8898.25
1.1	1.4	2103.58
1.2	1.4	229.597
1.4	1.4	5539.5
1.5	1.4	5539.5
1.6	1.4	5539.5
1.9	1.4	5539.5
-1.9	1.5	222.767
-1.8	1.5	285.332
-1.7	1.5	8.89375
-1.6	1.5	100.362
-1.3	1.5	14.0818
-1.2	1.5	3528.78
-1.1	1.5	463.924
-0.9	1.5	0.359522
-0.7	1.5	2122.04
-0.6	1.5	404.824
-0.5	1.5	1372.53
-0.4	1.5	456.027
-0.3	1.5	451.336
-0.2	1.5	417.299
-0.0999997	1.5	402.893
3.11E-07	1.5	374.568
0.1	1.5	337.152
0.2	1.5	287.003
0.3	1.5	228.999
0.4	1.5	160.931
0.5	1.5	83.0145
0.6	1.5	13.9759
0.7	1.5	19.2935
0.8	1.5	307.833
0.9	1.5	1327.01
1	1.5	1935.25
1.2	1.5	53.7053
1.3	1.5	3900.86
1.4	1.5	5539.5
1.5	1.5	5539.5
1.6	1.5	5539.5
1.7	1.5	5539.5
1.8	1.5	5539.5
1.9	1.5	5539.5
2	1.5	5405.09
-2	1.6	232.609
-1.9	1.6	15.7264
-1.8	1.6	9.2068
-1.7	1.6	98.3425
-1.5	1.6	133.79
-1.4	1.6	4.49224
-1.3	1.6	85.567
-1.2	1.6	121.199
-1	1.6	67.5679
-0.9	1.6	106.286
-0.8	1.6	169.485
-0.7	1.6	196.072
-0.6	1.6	916.565
-0.5	1.6	446.603
-0.4	1.6	547.914
-0.3	1.6	497.393
-0.2	1.6	436.32
-0.0999997	1.6	402.302
3.11E-07	1.6	379.824
0.1	1.6	343.781
0.2	1.6	300.889
0.3	1.6	242.423
0.4	1.6	175.618
0.5	1.6	100.056
0.6	1.6	26.133
0.7	1.6	4.54782
0.8	1.6	201.378
0.9	1.6	995.502
1	1.6	1826.14
1.1	1.6	9213.79
1.2	1.6	26.4617
1.3	1.6	1281.08
1.4	1.6	5539.5
1.5	1.6	5539.5
1.6	1.6	5539.5
1.7	1.6	5539.5
1.9	1.6	5539.5
2	1.6	5539.5
-2	1.7	19.3192
-1.9	1.7	13.3115
-1.8	1.7	84.4718
-1.5	1.7	0.0179301
-1.4	1.7	63.0908
-1.3	1.7	39.9436
-1.1	1.7	3.01995
-1	1.7	219.713
-0.9	1.7	113.547
-0.8	1.7	216.881
-0.7	1.7	3.79817
-0.6	1.7	361.527
-0.5	1.7	585.566
-0.4	1.7	256.038
-0.3	1.7	437.084
-0.2	1.7	420.993
-0.0999997	1.7	416.888
3.11E-07	1.7	384.503
0.1	1.7	353.206
0.2	1.7	307.862
0.3	1.7	255.882
0.4	1.7	189.554
0.5	1.7	117.177
0.6	1.7	40.3525
0.7	1.7	0.0388385
0.8	1.7	125.762
0.9	1.7	727.683
1	1.7	1706.39
1.1	1.7	9327.32
1.2	1.7	781.703
1.3	1.7	678.787
1.4	1.7	5539.5
1.6	1.7	5539.5
1.9	1.7	5539.5
2	1.7	5539.5
-2	1.8	6.73617
-1.9	1.8	79.1344
-1.6	1.8	2.80229
-1.5	1.8	63.6335
-1.4	1.8	495.012
-1.3	1.8	52.425
-1.1	1.8	180.81
-1	1.8	181.411
-0.9	1.8	1276.6
-0.8	1.8	162.713
-0.7	1.8	74.5522
-0.6	1.8	236.585
-0.5	1.8	786.151
-0.4	1.8	456.846
-0.3	1.8	461.985
-0.2	1.8	442.151
-0.0999997	1.8	416.227
3.11E-07	1.8	394.102
0.1	1.8	358.927
0.2	1.8	319.384
0.3	1.8	268.19
0.4	1.8	206.997
0.5	1.8	130.583
0.6	1.8	53.7806
0.7	1.8	1.81895
0.8	1.8	71.9121
0.9	1.8	531.799
1	1.8	1581.96
1.1	1.8	9267.28
1.2	1.8	1937.76
1.3	1.8	388.724
1.4	1.8	5539.5
1.5	1.8	5539.5
1.6	1.8	5539.5
1.8	1.8	5539.5
1.9	1.8	5539.5
2	1.8	5539.5
-2	1.9	60.3485
-1.7	1.9	36.2967
-1.6	1.9	27.9777
-1.5	1.9	186.955
-1.4	1.9	30.2322
-1.1	1.9	2902.21
-1	1.9	298.721
-0.9	1.9	380.228
-0.8	1.9	4344.12
-0.7	1.9	526.866
-0.6	1.9	471.075
-0.5	1.9	258.665
-0.4	1.9	495.822
-0.3	1.9	485.721
-0.2	1.9	452.221
-0.0999997	1.9	422.279
3.11E-07	1.9	397.69
0.1	1.9	363.997
0.2	1.9	325.547
0.3	1.9	280.024
0.4	1.9	220.239
0.5	1.9	147.084
0.6	1.9	67.4929
0.7	1.9	7.48557
0.8	1.9	36.2208
0.9	1.9	387.017
1	1.9	1463.87
1.1	1.9	8796.44
1.2	1.9	2085.01
1.3	1.9	240.444
1.7	1.9	5539.5
1.9	1.9	5539.5
2	1.9	5539.5
-1.8	2	97.0011
-1.7	2	0.891525
-1.6	2	107.073
-1.5	2	295.515
-1.4	2	20.6757
-1.2	2	1465.32
-0.7	2	1904.69
-0.6	2	631.973
-0.5	2	437.212
-0.4	2	537.041
-0.3	2	427.94
-0.2	2	438.42
-0.0999997	2	426.947
3.11E-07	2	401.21
0.1	2	373.017
0.2	2	335.177
0.3	2	286.577
0.4	2	227.586
0.5	2	159.344
0.6	2	81.6946
0.7	2	14.6835
0.8	2	17.0356
0.9	2	277.959
1	2	1349.93
1.1	2	1956.43
1.2	2	2129.14
1.3	2	111.169
1.4	2	2330.96
1.5	2	3964.21
1.6	2	5539.5
1.7	2	5539.5
1.8	2	5539.5
1.9	2	5539.5
2	2	5539.5
-1.8	2.1	7.45288
-1.7	2.1	38.9746
-1.5	2.1	57.5961
-1.2	2.1	583.444
-1	2.1	1.48448
-0.9	2.1	35.5835
-0.8	2.1	187.128
-0.7	2.1	235.637
-0.6	2.1	802.814
-0.5	2.1	497.283
-0.4	2.1	685.36
-0.3	2.1	453.665
-0.2	2.1	446.659
-0.0999997	2.1	426.112
3.11E-07	2.1	404.411
0.1	2.1	377.557
0.2	2.1	340.4
0.3	2.1	297.586
0.4	2.1	238.945
0.5	2.1	171.545
0.6	2.1	95.9338
0.7	2.1	23.2676
0.8	2.1	6.13011
0.9	2.1	195.902
1	2.1	1114.86
1.1	2.1	1875.58
1.2	2.1	2136.61
1.3	2.1	10.9525
1.4	2.1	1176.44
1.5	2.1	3965.48
1.6	2.1	5539.5
1.8	2.1	5539.5
1.9	2.1	5539.5
-1.9	2.2	40.9924
-1.8	2.2	7.94599
-1.7	2.2	106.281
-1.5	2.2	1.58851
-1.3	2.2	2305.88
-1.1	2.2	12.9912
-1	2.2	43.3906
-0.9	2.2	168.037
-0.8	2.2	251.053
-0.6	2.2	1360.24
-0.5	2.2	542.749
-0.4	2.2	438.048
-0.3	2.2	463.907
-0.2	2.2	451.781
-0.0999997	2.2	429.509
3.11E-07	2.2	407.011
0.1	2.2	380.736
0.2	2.2	350.422
0.3	2.2	303.12
0.4	2.2	250.218
0.5	2.2	183.072
0.6	2.2	106.958
0.7	2.2	34.9311
0.8	2.2	0.985011
0.9	2.2	137.635
1	2.2	838.999
1.1	2.2	1787.86
1.2	2.2	9243.43
1.3	2.2	39.3997
1.4	2.2	805.191
1.5	2.2	5539.5
1.6	2.2	5539.5
1.7	2.2	5539.5
1.8	2.2	5539.5
1.9	2.2	5539.5
2	2.2	5539.5
-1.9	2.3	0.581437
-1.8	2.3	51.7023
-1.6	2.3	264.122
-1.5	2.3	11.0919
-1.3	2.3	1236.22
-1.1	2.3	37.463
-1	2.3	104.877
-0.9	2.3	260.47
-0.8	2.3	50.3857
-0.7	2.3	1.32726
-0.6	2.3	1953.78
-0.5	2.3	602.238
-0.4	2.3	466.551
-0.3	2.3	478.999
-0.2	2.3	458.868
-0.0999997	2.3	432.527
3.11E-07	2.3	415.368
0.1	2.3	384.571
0.2	2.3	354.261
0.3	2.3	313.42
0.4	2.3	256.466
0.5	2.3	194.387
0.6	2.3	118.086
0.7	2.3	43.5332
0.8	2.3	0.122552
0.9	2.3	93.8499
1	2.3	646.253
1.1	2.3	1696.93
1.2	2.3	9322.54
1.3	2.3	430.337
1.4	2.3	578.645
1.5	2.3	5539.5
1.6	2.3	5539.5
1.8	2.3	5539.5
1.9	2.3	5539.5
2	2.3	5539.5
-2	2.4	31.7458
-1.9	2.4	15.2144
-1.6	2.4	83.719
-1.5	2.4	52.8041
-1.3	2.4	739.835
-1.1	2.4	79.4839
-1	2.4	107.792
-0.9	2.4	187.135
-0.8	2.4	4.39488
-0.7	2.4	257.417
-0.6	2.4	300.042
-0.5	2.4	691.6
-0.4	2.4	481.815
-0.3	2.4	494.655
-0.2	2.4	445.703
-0.0999997	2.4	436.949
3.11E-07	2.4	417.658
0.1	2.4	392.784
0.2	2.4	358.472
0.3	2.4	318.436
0.4	2.4	266.875
0.5	2.4	205.309
0.6	2.4	132.086
0.7	2.4	54.6766
0.8	2.4	2.0643
0.9	2.4	60.8028
1	2.4	494.978
1.1	2.4	1605.44
1.2	2.4	9302.33
1.3	2.4	1646.01
1.4	2.4	424.342
1.6	2.4	5539.5
1.8	2.4	5539.5
2	2.4	5539.5
-2	2.5	0.468
-1.9	2.5	57.5933
-1.7	2.5	401.087
-1.6	2.5	11.677
-1.5	2.5	114.023
-1.4	2.5	1952.92
-1.2	2.5	105.239
-1.1	2.5	131.129
-1	2.5	100.557
-0.9	2.5	60.357
-0.8	2.5	28.143
-0.7	2.5	412.373
-0.6	2.5	412.669
-0.5	2.5	566.75
-0.4	2.5	494.335
-0.3	2.5	442.808
-0.2	2.5	450.887
-0.0999997	2.5	439.982
3.11E-07	2.5	419.936
0.1	2.5	396.268
0.2	2.5	361.864
0.3	2.5	322.516
0.4	2.5	272.218
0.5	2.5	211.496
0.6	2.5	142.765
0.7	2.5	63.6853
0.8	2.5	5.91336
0.9	2.5	37.0794
1	2.5	383.435
1.1	2.5	1516.13
1.2	2.5	9177.96
1.3	2.5	1985.37
1.4	2.5	320.88
1.5	2.5	3055.55
1.6	2.5	5539.5
1.7	2.5	5539.5
1.8	2.5	5539.5
1.9	2.5	5539.5
-2	2.6	12.1351
-1.7	2.6	161.23
-1.6	2.6	2.36568
-1.5	2.6	182.282
-1.4	2.6	416.708
-1.2	2.6	84.5277
-1.1	2.6	405.765
-1	2.6	682.549
-0.9	2.6	351.699
-0.8	2.6	256.25
-0.7	2.6	533.123
-0.6	2.6	472.462
-0.5	2.6	396.088
-0.4	2.6	508.098
-0.3	2.6	460.967
-0.2	2.6	453.993
-0.0999997	2.6	442.065
3.11E-07	2.6	422.08
0.1	2.6	398.717
0.2	2.6	370.674
0.3	2.6	331.912
0.4	2.6	282.182
0.5	2.6	221.724
0.6	2.6	153.099
0.7	2.6	75.3652
0.8	2.6	11.2785
0.9	2.6	22.3791
1	2.6	296.133
1.1	2.6	1430.68
1.2	2.6	2006.2
1.3	2.6	2078.55
1.4	2.6	231.333
1.5	2.6	1931.34
1.7	2.6	5539.5
2	2.6	5539.5
-2	2.7	47.1005
-1.8	2.7	457.68
-1.7	2.7	46.7923
-1.6	2.7	32.4156
-1.5	2.7	243.999
-1.4	2.7	14.6143
-1.3	2.7	13.9744
-1.2	2.7	68.009
-1.1	2.7	630.742
-1	2.7	2204.66
-0.9	2.7	2359.71
-0.8	2.7	679.875
-0.7	2.7	633.659
-0.6	2.7	515.04
-0.5	2.7	445.088
-0.4	2.7	528.598
-0.3	2.7	467.192
-0.2	2.7	456.467
-0.0999997	2.7	444.144
3.11E-07	2.7	424.005
0.1	2.7	400.765
0.2	2.7	373.727
0.3	2.7	335.633
0.4	2.7	286.845
0.5	2.7	231.907
0.6	2.7	159.332
0.7	2.7	84.6639
0.8	2.7	17.8107
0.9	2.7	12.2154
1	2.7	232.155
1.1	2.7	1353.24
1.2	2.7	1953.45
1.3	2.7	2116.44
1.4	2.7	140.917
1.5	2.7	1314.17
1.6	2.7	5539.5
1.7	2.7	5539.5
1.8	2.7	5539.5
1.9	2.7	5539.5
2	2.7	5539.5
-2	2.8	95.2623
-1.8	2.8	210.777
-1.7	2.8	3.01121
-1.6	2.8	85.3506
-1.5	2.8	516.656
-1.3	2.8	82.8805
-1.2	2.8	4.61749
-1.1	2.8	352.333
-1	2.8	2496.63
-0.9	2.8	5539.5
-0.8	2.8	1599.05
-0.7	2.8	735.28
-0.6	2.8	556.691
-0.5	2.8	468.968
-0.4	2.8	581.097
-0.3	2.8	471.225
-0.2	2.8	459.356
-0.0999997	2.8	446.279
3.11E-07	2.8	425.665
0.1	2.8	403.655
0.2	2.8	376.924
0.3	2.8	339.358
0.4	2.8	295.987
0.5	2.8	237.049
0.6	2.8	169.158
0.7	2.8	93.669
0.8	2.8	23.8167
0.9	2.8	4.80203
1	2.8	177.08
1.1	2.8	1186.1
1.2	2.8	1894.89
1.3	2.8	2133.4
1.4	2.8	50.9067
1.5	2.8	975.875
1.6	2.8	5539.5
1.7	2.8	5539.5
1.8	2.8	5539.5
1.9	2.8	5539.5
2	2.8	5539.5
-1.8	2.9	77.1653
-1.7	2.9	5.83791
-1.6	2.9	152.431
-1.5	2.9	66.9424
-1.3	2.9	181.611
-1.2	2.9	30.4815
-1.1	2.9	27.2647
-1	2.9	142.282
-0.9	2.9	0.000984207
-0.8	2.9	5539.5
-0.7	2.9	873.25
-0.6	2.9	590.692
-0.5	2.9	484.69
-0.4	2.9	430.805
-0.3	2.9	474.667
-0.2	2.9	464.129
-0.0999997	2.9	444.932
3.11E-07	2.9	427.276
0.1	2.9	405.659
0.2	2.9	379.604
0.3	2.9	342.689
0.4	2.9	300.396
0.5	2.9	246.661
0.6	2.9	178.907
0.7	2.9	102.887
0.8	2.9	31.824
0.9	2.9	1.29756
1	2.9	133.132
1.1	2.9	910.993
1.2	2.9	1832.25
1.3	2.9	8759.28
1.4	2.9	2.65421
1.5	2.9	792.521
1.7	2.9	5539.5
1.8	2.9	5539.5
2	2.9	5539.5
-1.9	3	300.828
-1.8	3	16.8213
-1.7	3	35.7269
-1.6	3	224.947
-1.5	3	4.87715
-1.3	3	255.724
-1.2	3	149.722
-1.10E+00	3	87.6453
-1	3	1046.43
-0.9	3	0.0163973
-0.8	3	8.59564
-0.7	3	1145.03
-0.6	3	626.935
-0.5	3	496.799
-0.4	3	457.509
-0.3	3	478.048
-0.2	3	452.65
-0.0999997	3	446.774
3.11E-07	3	428.927
0.1	3	413.014
0.2	3	381.914
0.3	3	351.349
0.4	3	304.206
0.5	3	251.624
0.6	3	188.479
0.7	3	111.866
0.8	3	38.5511
0.9	3	0.0965294
1	3	101.447
1.1	3	719.117
1.2	3	1764.79
1.3	3	9233.58
1.4	3	25.522
1.5	3	647.925
1.6	3	3868.75
1.8	3	5539.5
1.9	3	5539.5
2	3	5539.5
-1.9	3.1	142.162
-1.8	3.1	0.01854
-1.7	3.1	82.813
-1.6	3.1	985.654
-1.4	3.1	324.726
-1.3	3.1	357.113
-1.2	3.1	323.341
-1.1	3.1	2458.27
-0.9	3.1	76.044
-0.8	3.1	282.639
-0.7	3.1	3546.48
-0.6	3.1	669.624
-0.5	3.1	507.223
-0.4	3.1	467.932
-0.3	3.1	482.213
-0.2	3.1	461.76
-0.0999997	3.1	448.18
3.11E-07	3.1	430.362
0.1	3.1	414.902
0.2	3.1	390.14
0.3	3.1	354.363
0.4	3.1	312.959
0.5	3.1	260.52
0.6	3.1	193.734
0.7	3.1	120.71
0.8	3.1	45.5726
0.9	3.1	0.37403
1	3.1	76.4056
1.1	3.1	583.961
1.2	3.1	1698.48
1.3	3.1	9307.68
1.4	3.1	191.154
1.5	3.1	531.89
1.6	3.1	3347.11
1.7	3.1	5539.5
1.8	3.1	5539.5
1.9	3.1	5539.5
2	3.1	5539.5
-1.9	3.2	53.0796
-1.8	3.2	10.7119
-1.6	3.2	328.5
-1.4	3.2	387.816
-1.3	3.2	497.964
-1.2	3.2	2581.95
-1	3.2	0.0477348
-0.9	3.2	168.829
-0.8	3.2	225.099
-0.7	3.2	429.001
-0.6	3.2	730.495
-0.5	3.2	517.524
-0.4	3.2	474.234
-0.3	3.2	488.721
-0.2	3.2	463.722
-0.0999997	3.2	449.473
3.11E-07	3.2	437.398
0.1	3.2	417.03
0.2	3.2	392.289
0.3	3.2	357.181
0.4	3.2	316.54
0.5	3.2	264.858
0.6	3.2	202.918
0.7	3.2	129.758
0.8	3.2	52.6866
0.9	3.2	2.19312
1	3.2	55.9671
1.1	3.2	469.89
1.2	3.2	1632.55
1.3	3.2	9312.33
1.4	3.2	651.386
1.5	3.2	445.095
1.6	3.2	2471.29
1.7	3.2	5539.5
1.9	3.2	5539.5
2	3.2	5539.5
-2	3.3	289.061
-1.9	3.3	11.1896
-1.8	3.3	38.4683
-1.6	3.3	71.5779
-1.4	3.3	452.158
-1.3	3.3	3154.1
-1.2	3.3	662.329
-1	3.3	21.0022
-0.9	3.3	197.655
-0.7	3.3	2251.29
-0.6	3.3	860.434
-0.5	3.3	528.459
-0.4	3.3	478.711
-0.3	3.3	507.93
-0.2	3.3	465.168
-0.0999997	3.3	450.677
3.11E-07	3.3	438.643
0.1	3.3	418.518
0.2	3.3	394.405
0.3	3.3	360.048
0.4	3.3	320.018
0.5	3.3	269.026
0.6	3.3	207.76
0.7	3.3	138.442
0.8	3.3	62.3169
0.9	3.3	4.61398
1	3.3	39.8163
1.1	3.3	386.023
1.2	3.3	1562.96
1.3	3.3	9277.38
1.4	3.3	1615.82
1.5	3.3	384.169
1.6	3.3	1916.5
1.7	3.3	5381.42
1.8	3.3	5539.5
1.9	3.3	5539.5
2	3.3	5539.5
-2	3.4	152.507
-1.9	3.4	0.00555723
-1.6	3.4	2.47108
-1.4	3.4	518.057
-1.3	3.4	1472.08
-1.1	3.4	0.233962
-1	3.4	69.6299
-0.9	3.4	180.613
-0.8	3.4	2448.66
-0.7	3.4	9.00966
-0.6	3.4	5146.94
-0.5	3.4	547.531
-0.4	3.4	482.262
-0.3	3.4	461.593
-0.2	3.4	466.391
-0.0999997	3.4	451.89
3.11E-07	3.4	439.929
0.1	3.4	420.23
0.2	3.4	396.335
0.3	3.4	362.548
0.4	3.4	328.241
0.5	3.4	277.646
0.6	3.4	216.426
0.7	3.4	143.518
8.00E-01	3.4	69.8844
0.9	3.4	8.62053
1	3.4	27.289
1.1	3.4	318.051
1.2	3.4	1500.6
1.3	3.4	9158.21
1.4	3.4	1934.14
1.5	3.4	325.91
1.6	3.4	1445.95
1.8	3.4	5539.5
1.9	3.4	5539.5
2	3.4	5539.5
-2	3.5	67.9149
-1.9	3.5	9.58017
-1.7	3.5	1308.89
-1.4	3.5	582.223
-1.3	3.5	710.922
-1.1	3.5	0.313811
-1	3.5	121.999
-0.9	3.5	87.9989
-0.7	3.5	231.966
-0.6	3.5	11.4245
-0.5	3.5	564.185
-0.4	3.5	485.404
-0.3	3.5	467.468
-0.2	3.5	467.557
-0.0999997	3.5	453.046
3.11E-07	3.5	441.16
0.1	3.5	421.572
0.2	3.5	398.476
0.3	3.5	370.273
0.4	3.5	331.327
0.5	3.5	281.461
0.6	3.5	220.921
0.7	3.5	152.063
0.8	3.5	74.8165
0.9	3.5	12.3638
1	3.5	17.5001
1.1	3.5	256.075
1.2	3.5	1440.89
1.3	3.5	2010.02
1.4	3.5	2038.88
1.5	3.5	266.373
1.6	3.5	1173
1.7	3.5	4255.93
1.8	3.5	5539.5
1.9	3.5	5539.5
2	3.5	5539.5
-2	3.6	21.4726
-1.9	3.6	32.8747
-1.7	3.6	616.42
-1.5	3.6	342.13
-1.4	3.6	3237.15
-1.3	3.6	346.387
-1.1	3.6	9.24239
-1	3.6	164.161
-0.9	3.6	14.3015
-0.8	3.6	44.9443
-0.7	3.6	320.192
-0.6	3.6	321.746
-0.5	3.6	588.213
-0.4	3.6	488.201
-0.3	3.6	470.455
-0.2	3.6	468.816
-0.0999997	3.6	451.846
3.11E-07	3.6	442.264
0.1	3.6	422.929
0.2	3.6	400.426
0.3	3.6	372.715
0.4	3.6	334.224
0.5	3.6	284.99
0.6	3.6	229.57
0.7	3.6	160.493
0.8	3.6	82.1137
0.9	3.6	16.6098
1	3.6	11.448
1.1	3.6	210.258
1.2	3.6	1381.94
1.3	3.6	1971.28
1.4	3.6	2088.37
1.5	3.6	202.284
1.6	3.6	982.376
1.7	3.6	3937.28
1.8	3.6	5539.5
1.9	3.6	5539.5
-2	3.7	2.11847
-1.9	3.7	63.3287
-1.7	3.7	253.331
-1.5	3.7	370.692
-1.4	3.7	2291.4
-1.2	3.7	0.20428
-1.1	3.7	31.509
-1	3.7	199.587
-0.9	3.7	0.0619253
-0.8	3.7	188.226
-0.7	3.7	373.366
-0.6	3.7	385.15
-0.5	3.7	638.156
-0.4	3.7	491.212
-0.3	3.7	472.32
-0.2	3.7	469.96
-0.0999997	3.7	453.228
3.11E-07	3.7	443.365
0.1	3.7	424.697
0.2	3.7	402.079
0.3	3.7	374.97
0.4	3.7	337.011
0.5	3.7	293.296
0.6	3.7	233.564
0.7	3.7	165.056
0.8	3.7	89.6829
0.9	3.7	21.2413
1	3.7	6.0149
1.1	3.7	172.046
1.2	3.7	1328.04
1.3	3.7	1931.13
1.4	3.7	2114.08
1.5	3.7	135.802
1.6	3.7	868.616
1.7	3.7	3614.42
1.9	3.7	5490.79
2	3.7	5539.5
-2	3.8	1.74292
-1.9	3.8	100.757
-1.70E+00	3.8	74.0232
-1.5	3.8	397.342
-1.4	3.8	1650.4
-1.2	3.8	0.722653
-1.1	3.8	60.6726
-1	3.8	222.71
-0.9	3.8	0.000548959
-0.8	3.8	277.551
-0.7	3.8	411.968
-0.6	3.8	418.771
-0.5	3.8	1146.06
-0.4	3.8	494.301
-0.3	3.8	473.862
-0.2	3.8	471.487
-0.0999997	3.8	454.168
3.11E-07	3.8	444.336
0.1	3.8	425.862
0.2	3.8	403.573
0.3	3.8	376.957
0.4	3.8	339.742
0.5	3.8	296.403
0.6	3.8	241.723
0.7	3.8	173.344
0.8	3.8	97.1837
0.9	3.8	26.1317
1	3.8	3.02693
1.1	3.8	139.862
1.2	3.8	1136.77
1.3	3.8	1883.88
1.4	3.8	2127.66
1.5	3.8	68.1408
1.6	3.8	771.917
1.7	3.8	3088.18
2	3.8	5487.93
-2	3.9	13.7121
-1.8	3.9	1036.09
-1.7	3.9	8.33442
-1.5	3.9	425.095
-1.4	3.9	1219.64
-1.2	3.9	3.18951
-1.1	3.9	93.5629
-1	3.9	235.724
-0.8	3.9	346.484
-0.7	3.9	440.265
-0.6	3.9	440.157
-0.5	3.9	389.746
-0.4	3.9	497.988
-0.3	3.9	475.124
-0.2	3.9	473.941
-0.0999997	3.9	454.985
3.11E-07	3.9	445.293
0.1	3.9	427.221
0.2	3.9	405.058
0.3	3.9	379.131
0.4	3.9	347.369
0.5	3.9	299.68
0.6	3.9	245.497
0.7	3.9	177.653
0.8	3.9	104.665
0.9	3.9	31.3299
1	3.9	0.834701
1.1	3.9	116.471
1.2	3.9	883.765
1.3	3.9	1836.8
1.4	3.9	2130.92
1.5	3.9	20.3769
1.6	3.9	690.33
-2	4	34.8594
-1.8	4	538.875
-1.5	4	452.938
-1.4	4	918.807
-1.2	4	9.15373
-1.1	4	122.055
-1	4	237.438
-0.9	4	1.52949
-0.8	4	398.352
-0.7	4	463.072
-0.6	4	455.233
-0.5	4	432.674
-0.4	4	502.709
-0.3	4	476.151
-0.2	4	465.092
-0.0999997	4	455.772
3.11E-07	4	446.206
0.1	4	428.315
0.2	4	412.421
0.3	4	381.083
0.4	4	349.737
5.00E-01	4	302.576
0.6	4	249.114
0.7	4	185.705
0.8	4	109.14
0.9	4	36.7803
1	4	0.0733397
1.1	4	93.7445
1.2	4	721.751
1.3	4	1786.05
1.4	4	9012.12
1.5	4	0.136327
1.6	4	620.491
1.7	4	2199.96
1.9	4	5230.74
2	4	5539.5
-2	4.1	61.8967
-1.8	4.1	250.905
-1.6	4.1	229.436
-1.5	4.1	483.525
-1.4	4.1	709.846
-1.2	4.1	17.133
-1.1	4.1	145.059
-1	4.1	226.361
-0.9	4.1	0.015872
-0.8	4.1	441.899
-0.7	4.1	487.449
-0.6	4.1	466.474
-0.5	4.1	450.162
-0.4	4.1	509.258
-0.3	4.1	477.192
-0.2	4.1	467.547
-0.0999997	4.1	456.582
3.11E-07	4.1	447.052
0.1	4.1	429.434
0.2	4.1	413.811
0.3	4.1	382.82
0.4	4.1	352.224
0.5	4.1	310.387
0.6	4.1	257.277
0.7	4.1	189.623
0.8	4.1	116.441
0.9	4.1	42.3206
1	4.1	0.111949
1.1	4.1	75.3708
1.2	4.1	599.847
1.3	4.1	1739.36
1.4	4.1	9228.54
1.5	4.1	19.5078
1.6	4.1	555.251
1.7	4.1	1869.64
1.9	4.1	4683.97
2	4.1	5200.17
-2	4.2	36.3514
-1.8	4.2	97.9285
-1.6	4.2	261.513
-1.5	4.2	3962.68
-1.4	4.2	546.096
-1.2	4.2	26.717
-1.1	4.2	160.032
-1	4.2	201.35
-0.9	4.2	20.9025
-0.8	4.2	485.346
-0.7	4.2	502.466
-0.6	4.2	475.08
-0.5	4.2	460.265
-0.4	4.2	519.579
-0.3	4.2	478.108
-0.2	4.2	468.68
-0.0999997	4.2	462.934
3.11E-07	4.2	447.957
0.1	4.2	430.407
0.2	4.2	415.221
0.3	4.2	389.918
0.4	4.2	354.387
0.5	4.2	313.087
0.6	4.2	260.389
0.7	4.2	197.61
0.8	4.2	124.031
0.9	4.2	48.0753
1	4.2	1.15049
1.1	4.2	61.7421
1.2	4.2	504.108
1.3	4.2	1688.04
1.40E+00	4.2	9292.86
1.5	4.2	101.735
1.6	4.2	500.409
1.7	4.2	1661.56
-1.8	4.3	24.9066
-1.6	4.3	292.676
-1.5	4.3	3090.63
-1.2	4.3	38.3399
-1.1	4.3	168.642
-1	4.3	159.305
-0.9	4.3	94.5625
-0.8	4.3	518.82
-0.7	4.3	515.51
-0.6	4.3	482.035
-0.5	4.3	467.317
-0.4	4.3	553.394
-0.3	4.3	478.933
-0.2	4.3	469.596
-0.0999997	4.3	463.601
3.11E-07	4.3	448.657
0.1	4.3	437.055
0.2	4.3	416.482
0.3	4.3	391.697
0.4	4.3	356.59
0.5	4.3	315.765
0.6	4.3	263.625
0.7	4.3	201.274
0.8	4.3	128.063
0.9	4.3	54.0027
1	4.3	2.63346
1.1	4.3	47.5178
1.2	4.3	433.085
1.3	4.3	1640.12
1.4	4.3	9307.47
1.5	4.3	282.388
1.6	4.3	456.399
1.7	4.3	1406.63
1.9	4.3	4695.03
2	4.3	4976.44
-1.9	4.4	923.108
-1.8	4.4	1.11746
-1.6	4.4	331.445
-1.5	4.4	2357.27
-1.3	4.4	31.2876
-1.2	4.4	51.9048
-1.1	4.4	167.79
-1	4.4	112.193
-0.9	4.4	186.493
-0.8	4.4	547.931
-0.7	4.4	526.886
-6.00E-01	4.4	493.824
-0.5	4.4	472.276
-0.4	4.4	437.041
-0.3	4.4	479.956
-0.2	4.4	470.243
-0.0999997	4.4	464.275
3.11E-07	4.4	449.437
0.1	4.4	438.187
0.2	4.4	417.689
0.3	4.4	393.507
0.4	4.4	358.584
0.5	4.4	318.253
0.6	4.4	266.789
0.7	4.4	205.055
0.8	4.4	135.427
0.9	4.4	59.9497
1	4.4	4.64011
1.1	4.4	37.7927
1.2	4.4	367.408
1.3	4.4	1592.44
1.4	4.4	9297.31
1.5	4.4	627.428
1.6	4.4	421.033
1.7	4.4	1228.51
1.8	4.4	3232.27
1.9	4.4	4205.53
-1.9	4.5	600.366
-1.8	4.5	4.59522
-1.6	4.5	374.847
-1.5	4.5	1758.66
-1.3	4.5	33.1878
-1.2	4.5	66.6539
-1.1	4.5	137.257
-1	4.5	66.5303
-0.9	4.5	273.901
-0.8	4.5	573.719
-0.7	4.5	536.874
-0.6	4.5	498.799
-0.5	4.5	476.08
-0.4	4.5	460.417
-0.3	4.5	480.846
-0.2	4.5	470.974
-0.0999997	4.5	464.833
3.11E-07	4.5	450.131
0.1	4.5	439.045
0.2	4.5	418.911
0.3	4.5	394.972
0.4	4.5	360.593
0.5	4.5	320.807
0.6	4.5	274.408
0.7	4.5	212.59
0.8	4.5	139.288
9.00E-01	4.5	66.1693
1	4.5	7.05765
1.1	4.5	27.8308
1.2	4.5	312.712
1.3	4.5	1543.94
1.4	4.5	9262.43
1.5	4.5	1222.22
1.6	4.5	381.842
1.7	4.5	1060.69
1.8	4.5	2959.18
2	4.5	4667.84
-1.9	4.6	377.021
-1.6	4.6	432.136
-1.5	4.6	1266.22
-1.3	4.6	39.7489
-1.2	4.6	70.8549
-1.1	4.6	90.1216
-1	4.6	36.5804
-0.9	4.6	350.001
-0.8	4.6	598.49
-0.7	4.6	546.431
-0.6	4.6	503.15
-0.5	4.6	479.172
-0.4	4.6	467.366
-0.3	4.6	481.912
-0.2	4.6	471.521
-0.0999997	4.6	465.463
3.11E-07	4.6	450.855
0.1	4.6	439.94
0.2	4.6	420.289
0.3	4.6	396.331
0.4	4.6	367.766
0.5	4.6	328.249
0.6	4.6	277.38
0.7	4.6	215.973
0.8	4.6	146.551
0.9	4.6	69.7092
1	4.6	9.8839
1.1	4.6	21.077
1.2	4.6	266.631
1.3	4.6	1498.97
1.4	4.6	9173.14
1.5	4.6	1801.21
1.6	4.6	341.825
1.7	4.6	981.48
1.8	4.6	2703.64
1.9	4.6	3606.33
2	4.6	4726.8
-1.9	4.7	223.415
-1.6	4.7	4179.69
-1.5	4.7	842.403
-1.3	4.7	49.7801
-1.2	4.7	68.4626
-1.1	4.7	51.7785
-1	4.7	26.8917
-0.9	4.7	414.675
-0.8	4.7	621.134
-0.7	4.7	555.063
-0.6	4.7	507.002
-0.5	4.7	481.693
-0.4	4.7	471.42
-0.3	4.7	483.245
-0.2	4.7	472.035
-0.0999997	4.7	466.144
3.11E-07	4.7	451.523
0.1	4.7	440.818
0.2	4.7	421.312
0.3	4.7	397.854
0.4	4.7	369.538
0.5	4.7	330.448
0.6	4.7	280.059
0.7	4.7	219.316
0.8	4.7	150.372
0.9	4.7	75.8689
1	4.7	13.0721
1.1	4.7	15.4329
1.20E+00	4.7	231.668
1.3	4.7	1456.56
1.4	4.7	2016.74
1.5	4.7	1954.39
1.6	4.7	300.161
1.7	4.7	900.359
1.8	4.7	2338.81
1.9	4.7	3515.03
2	4.7	4298.85
-1.9	4.8	123.458
-1.6	4.8	3157.64
-1.5	4.8	587.07
-1.3	4.8	61.2782
-1.2	4.8	65.5446
-1.1	4.8	35.4119
-1	4.8	44.9179
-0.9	4.8	476.927
-0.8	4.8	643.012
-0.7	4.8	563.393
-0.6	4.8	510.556
-0.5	4.8	483.72
-0.4	4.8	473.967
-3.00E-01	4.8	484.73
-0.2	4.8	472.537
-0.0999997	4.8	467.126
3.11E-07	4.8	452.106
0.1	4.8	441.568
0.2	4.8	422.29
0.3	4.8	399.19
0.4	4.8	371.247
0.5	4.8	332.694
0.6	4.8	282.812
0.7	4.8	226.748
0.8	4.8	157.555
0.9	4.8	82.2093
1	4.8	16.596
1.1	4.8	10.8884
1.2	4.8	196.824
1.3	4.8	1414.78
1.4	4.8	1990.48
1.5	4.8	2029.22
1.6	4.8	259.849
1.7	4.8	838.264
1.8	4.8	2166.75
1.9	4.8	3687.45
2	4.8	3918.4
-1.9	4.9	60.363
-1.7	4.9	319.486
-1.6	4.9	2458.19
-1.3	4.9	73.8961
-1.2	4.9	68.1158
-1.1	4.9	38.9754
-1	4.9	152.996
-0.9	4.9	546.186
-0.8	4.9	663.945
-0.7	4.9	571.39
-0.6	4.9	513.696
-0.5	4.9	485.565
-0.4	4.9	476.123
-0.3	4.9	487.046
-0.2	4.9	472.971
-1.00E-01	4.9	465.933
3.11E-07	4.9	452.713
0.1	4.9	442.21
0.2	4.9	423.262
0.3	4.9	400.556
0.4	4.9	373.018
0.5	4.9	334.827
0.6	4.9	290.196
0.7	4.9	229.757
0.8	4.9	160.953
0.9	4.9	85.6356
1	4.9	20.3207
1.1	4.9	7.31972
1.2	4.9	171.589
1.3	4.9	1372.53
1.4	4.9	1960.15
1.5	4.9	2072.68
1.6	4.9	212.848
1.7	4.9	789.232
1.8	4.9	1972.84
1.9	4.9	3286.19
-2	5	1035.02
-1.9	5	23.7117
-1.7	5	344.21
-1.6	5	1956.13
-1.4	5	84.159
-1.3	5	85.9685
-1.20E+00	5	76.2325
-1.1	5	164.039
-1	5	414.05
-0.9	5	615.348
-0.8	5	685.279
-0.7	5	579.294
-0.6	5	516.558
-0.5	5	487.108
-0.4	5	477.595
-0.3	5	491.19
-0.2	5	473.383
-0.0999997	5	466.461
3.11E-07	5	453.242
0.1	5	443.048
0.2	5	424.167
0.3	5	402.049
0.4	5	374.686
0.5	5	336.85
0.6	5	292.606
0.7	5	232.763
8.00E-01	5	168.19
0.9	5	92.0463
1	5	22.8451
1.1	5	3.91295
1.2	5	145.43
1.3	5	1337.14
1.4	5	1927.99
1.5	5	2097.56
1.6	5	162.873
1.7	5	729.544
1.8	5	1860.41
1.9	5	3221.45
2	5	3971.09
-2	5.1	764.242
-1.9	5.1	6.09748
-1.7	5.1	364.071
-1.6	5.1	1590.89
-1.4	5.1	88.0629
-1.3	5.1	98.4939
-1.2	5.1	149.174
-1.1	5.1	687.705
-1	5.1	742.768
-0.9	5.1	693.789
-0.8	5.1	713.348
-0.7	5.1	587.345
-0.6	5.1	519.559
-0.5	5.1	488.558
-0.4	5.1	478.74
-0.3	5.1	538.749
-0.2	5.1	473.795
-0.0999997	5.1	466.997
3.11E-07	5.1	453.838
0.1	5.1	443.778
0.2	5.1	425.278
0.3	5.1	403.199
0.4	5.1	376.249
0.5	5.1	338.853
0.6	5.1	295.081
0.7	5.1	240.053
0.8	5.1	171.432
0.9	5.1	95.3692
1	5.1	26.8356
1.10E+00	5.1	2.00748
1.2	5.1	126.211
1.3	5.1	1272.47
1.4	5.1	1894.39
1.5	5.1	2112.15
1.6	5.1	114.027
1.7	5.1	691.686
1.8	5.1	1585.4
1.9	5.1	2869.45
2	5.1	3988.57
-2	5.2	550.237
-1.9	5.2	0.0957016
-1.7	5.2	382.085
-1.6	5.2	1332.71
-1.4	5.2	92.736
-1.3	5.2	117.698
-1.2	5.2	528.315
-1.1	5.2	1435.87
-1	5.2	1118.16
-9.00E-01	5.2	796.738
-0.8	5.2	735.736
-0.7	5.2	595.136
-0.6	5.2	522.263
-0.5	5.2	489.649
-0.4	5.2	479.817
-0.3	5.2	471.062
-0.2	5.2	474.131
-0.0999997	5.2	467.464
3.11E-07	5.2	454.455
0.1	5.2	444.311
0.2	5.2	426.22
0.3	5.2	404.343
0.4	5.2	377.764
0.5	5.2	345.823
0.6	5.2	297.475
0.7	5.2	242.959
0.8	5.2	174.606
0.9	5.2	101.717
1	5.2	31.1758
1.1	5.2	0.786866
1.2	5.2	109.818
1.30E+00	5.2	983.815
1.4	5.2	1859.69
1.5	5.2	2121.55
1.6	5.2	67.9797
1.7	5.2	642.811
1.8	5.2	1462.53
1.9	5.2	2803.14
-2	5.3	391.546
-1.7	5.3	397.647
-1.6	5.3	1125.62
-1.4	5.3	98.6029
-1.3	5.3	170.885
-1.2	5.3	1146.75
-1.1	5.3	2445.25
-1	5.3	1620.49
-0.9	5.3	913.392
-0.8	5.3	759.935
-0.7	5.3	603.063
-0.6	5.3	524.87
-0.5	5.3	490.851
-0.4	5.3	480.668
-3.00E-01	5.3	473.647
-0.2	5.3	474.635
-0.0999997	5.3	467.844
3.11E-07	5.3	454.835
0.1	5.3	445.122
0.2	5.3	427.054
0.3	5.3	405.482
0.4	5.3	379.218
0.5	5.3	347.714
6.00E-01	5.3	299.671
0.7	5.3	245.785
0.8	5.3	181.724
0.9	5.3	104.991
1	5.3	35.5978
1.1	5.3	0.13577
1.2	5.3	92.5588
1.3	5.3	798.7
1.4	5.3	1821.78
1.5	5.3	2125.85
1.6	5.3	31.2243
1.7	5.3	604.457
1.8	5.3	1364.46
2	5.3	3380.59
-2	5.4	270.853
-1.7	5.4	411.623
-1.6	5.4	965.511
-1.4	5.4	100.426
-1.3	5.4	332.812
-1.2	5.4	1784.95
-1.1	5.4	4028
-1	5.4	2325.97
-0.9	5.4	1065.84
-0.8	5.4	786.066
-0.7	5.4	611.449
-0.6	5.4	527.582
-0.5	5.4	491.857
-0.4	5.4	481.313
-0.3	5.4	475.127
-0.2	5.4	475.022
-0.0999997	5.4	468.262
3.11E-07	5.4	455.41
0.1	5.4	445.764
0.2	5.4	427.948
3.00E-01	5.4	412.039
0.4	5.4	380.591
0.5	5.4	349.535
0.6	5.4	306.844
0.7	5.4	248.499
0.8	5.4	184.781
0.9	5.4	111.351
1	5.4	38.3137
1.1	5.4	0.0152176
1.2	5.4	80.3154
1.3	5.4	666.73
1.4	5.4	1785.89
1.50E+00	5.4	2126.53
1.6	5.4	7.95907
1.7	5.4	568.948
1.8	5.4	1213.32
1.9	5.4	2272.06
2	5.4	3148.64
-2	5.5	183.745
-1.7	5.5	425.167
-1.6	5.5	846.941
-1.4	5.5	102.334
-1.3	5.5	610.109
-1.2	5.5	2577.28
-1.1	5.5	5539.5
-1	5.5	3435.83
-0.9	5.5	1243.3
-0.8	5.5	816.131
-0.7	5.5	620.232
-6.00E-01	5.5	530.228
-0.5	5.5	492.809
-0.4	5.5	482.012
-0.3	5.5	475.999
-0.2	5.5	475.441
-0.0999997	5.5	468.62
3.11E-07	5.5	455.971
0.1	5.5	446.558
0.2	5.5	428.747
0.3	5.5	413.112
0.4	5.5	381.971
0.5	5.5	351.243
0.6	5.5	308.882
0.7	5.5	255.405
8.00E-01	5.5	187.746
0.9	5.5	114.564
1	5.5	42.9897
1.1	5.5	0.202216
1.2	5.5	68.9984
1.3	5.5	576.817
1.4	5.5	1749.92
1.5	5.5	9090.5
1.6	5.5	0.0433466
1.7	5.5	543.293
1.8	5.5	1151.82
2	5.5	3206.27
-2.00E+00	5.6	117.354
-1.7	5.6	4457.37
-1.6	5.6	748.948
-1.4	5.6	110.487
-1.3	5.6	836.257
-1.2	5.6	3460.39
-1.1	5.6	5539.5
-1	5.6	5371.08
-0.9	5.6	1487.81
-0.8	5.6	850.871
-0.7	5.6	629.876
-0.6	5.6	532.936
-0.5	5.6	493.691
-0.4	5.6	482.598
-3.00E-01	5.6	476.741
-0.2	5.6	475.797
-0.0999997	5.6	469.015
3.11E-07	5.6	456.398
0.1	5.6	447.125
0.2	5.6	429.759
0.3	5.6	414.039
0.4	5.6	388.673
0.5	5.6	352.908
0.6	5.6	311.102
0.7	5.6	257.91
0.8	5.6	194.591
0.9	5.6	120.945
1	5.6	47.7919
1.1	5.6	0.839057
1.2	5.6	58.9435
1.30E+00	5.6	504.521
1.4	5.6	1714.14
1.5	5.6	9223.67
1.6	5.6	12.6743
1.7	5.6	514.757
1.8	5.6	1057.36
1.9	5.6	2018.58
-2	5.7	70.3678
-1.7	5.7	4059.39
-1.6	5.7	656.282
-1.40E+00	5.7	135.432
-1.3	5.7	965.549
-1.2	5.7	4124.93
-1.1	5.7	5539.5
-1	5.7	5539.5
-0.9	5.7	1873.52
-0.8	5.7	896.374
-0.7	5.7	640.495
-0.6	5.7	535.751
-0.5	5.7	500.624
-4.00E-01	5.7	483.089
-0.3	5.7	477.369
-0.2	5.7	476.297
-0.0999997	5.7	469.411
3.11E-07	5.7	462.544
0.1	5.7	447.85
0.2	5.7	436.119
0.3	5.7	415.159
0.4	5.7	390.094
0.5	5.7	354.588
0.6	5.7	313.063
0.7	5.7	260.466
0.8	5.7	197.428
0.9	5.7	123.951
1	5.7	50.6117
1.1	5.7	1.84568
1.2	5.7	49.8099
1.3	5.7	435.874
1.4	5.7	1675.98
1.5	5.7	9272.96
1.6	5.7	51.4317
1.7	5.7	491.158
1.8	5.7	983.628
1.9	5.7	1939.81
-2	5.8	39.0517
-1.80E+00	5.8	236.738
-1.7	5.8	3726.44
-1.6	5.8	577.654
-1.4	5.8	180.957
-1.3	5.8	1018.92
-1.2	5.8	4276.04
-1.1	5.8	5539.5
-1	5.8	5539.5
-0.9	5.8	2704.2
-8.00E-01	5.8	953.184
-0.7	5.8	652.463
-0.6	5.8	538.802
-0.5	5.8	501.358
-0.4	5.8	483.576
-0.3	5.8	477.885
-0.2	5.8	476.801
-0.0999997	5.8	469.715
3.11E-07	5.8	463.054
1.00E-01	5.8	448.38
0.2	5.8	436.887
0.3	5.8	416.096
0.4	5.8	391.291
0.5	5.8	356.169
0.6	5.8	315.117
0.7	5.8	262.695
0.8	5.8	200.201
0.9	5.8	130.286
1	5.8	55.489
1.1	5.8	3.25109
1.20E+00	5.8	41.7937
1.3	5.8	385.86
1.4	5.8	1643.12
1.5	5.8	9297.75
1.6	5.8	132.133
1.7	5.8	466.459
1.8	5.8	932.24
2	5.8	2564.45
-2	5.9	18.1557
-1.8	5.9	249.8
-1.7	5.9	3387.03
-1.6	5.9	498.759
-1.4	5.9	242.561
-1.30E+00	5.9	1037.6
-1.2	5.9	3825.13
-1.1	5.9	3849.47
-1	5.9	2809.07
-0.9	5.9	5539.5
-0.8	5.9	1044.78
-0.7	5.9	665.969
-0.6	5.9	541.943
-0.5	5.9	502.233
-4.00E-01	5.9	484.028
-0.3	5.9	478.299
-0.2	5.9	477.464
-0.0999997	5.9	469.972
3.11E-07	5.9	463.45
0.1	5.9	448.803
0.2	5.9	437.612
0.3	5.9	417.245
0.4	5.9	392.444
0.5	5.9	357.624
6.00E-01	5.9	317.026
0.7	5.9	265.116
0.8	5.9	207.033
0.9	5.9	133.197
1	5.9	58.1951
1.1	5.9	4.96669
1.2	5.9	34.6275
1.3	5.9	336.572
1.4	5.9	1609
1.50E+00	5.9	9302.62
1.6	5.9	257.44
1.7	5.9	441.615
1.8	5.9	910.529
1.9	5.9	1627.31
2	5.9	2347.35
-2	6	6.48494
-1.8	6	263.067
-1.7	6	3074.96
-1.50E+00	6	56.2556
-1.4	6	286.885
-1.3	6	1028.26
-1.2	6	2893.84
-1.1	6	1105.11
-0.9	6	5412.7
-0.8	6	1157.56
-0.7	6	682.216
-6.00E-01	6	545.345
-0.5	6	503.112
-0.4	6	484.381
-0.3	6	478.695
-0.2	6	478.438
-0.0999997	6	470.435
3.11E-07	6	463.833
1.00E-01	6	449.298
0.2	6	438.352
0.3	6	418.151
0.4	6	393.627
0.5	6	359.247
0.6	6	318.869
7.00E-01	6	272
0.8	6	209.672
0.9	6	136.211
1	6	63.3994
1.1	6	6.1567
1.20E+00	6	28.4212
1.3	6	299.734
1.4	6	1575.66
1.5	6	9287.39
1.6	6	461.203
1.7	6	420.265
1.80E+00	6	870.339
1.9	6	1582.47
2	6	2550.02
-2	6.1	0.798372
-1.8	6.1	277.283
-1.7	6.1	2738.57
-1.50E+00	6.1	40.8892
-1.4	6.1	306.798
-1.3	6.1	962.924
-1.2	6.1	1827.92
-1.1	6.1	11.7316
-1	6.1	0.0388987
-0.9	6.1	0.616291
-0.8	6.1	1358.12
-7.00E-01	6.1	701.653
-0.6	6.1	548.798
-0.5	6.1	503.924
-0.4	6.1	484.75
-0.3	6.1	479.036
-0.2	6.1	485.31
-0.0999997	6.1	470.675
3.11E-07	6.1	464.249
0.1	6.1	449.889
0.2	6.1	439.01
0.3	6.1	419.023
0.4	6.1	394.705
0.5	6.1	360.615
0.6	6.1	325.698
7.00E-01	6.1	274.15
0.8	6.1	212.272
0.9	6.1	142.382
1	6.1	66.0691
1.1	6.1	8.32566
1.2	6.1	22.9247
1.3	6.1	267.432
1.4	6.1	1540.17
1.50E+00	6.1	9262.52
1.6	6.1	753.303
1.7	6.1	394.366
1.8	6.1	821.868
1.9	6.1	1498.44
2.00E+00	6.1	2384.08
-1.8	6.2	292.386
-1.7	6.2	2411.91
-1.5	6.2	30.3432
-1.4	6.2	290.891
-1.3	6.2	843.941
-1.2	6.2	898.671
-1.1	6.2	608.397
-1.00E+00	6.2	4.30235
-0.9	6.2	180.444
-0.8	6.2	2051.69
-0.7	6.2	734.499
-6.00E-01	6.2	552.421
-0.5	6.2	504.764
-0.4	6.2	485.036
-0.3	6.2	479.338
-0.2	6.2	474.345
-0.0999997	6.2	470.954
3.11E-07	6.2	464.595
1.00E-01	6.2	450.522
0.2	6.2	439.647
0.3	6.2	419.844
0.4	6.2	395.867
0.5	6.2	367.187
6.00E-01	6.2	327.439
0.7	6.2	276.366
8.00E-01	6.2	214.625
0.9	6.2	145.115
1	6.2	71.2438
1.1	6.2	10.78
1.2	6.2	18.245
1.3	6.2	239.128
1.4	6.2	1510.58
1.5	6.2	9202.83
1.6	6.2	1162.91
1.7	6.2	365.825
1.8	6.2	793.993
1.9	6.2	1405.01
-1.8	6.3	310.935
-1.7	6.3	2064.41
-1.5	6.3	24.3236
-1.4	6.3	257.525
-1.3	6.3	705.431
-1.2	6.3	290.352
-1	6.3	54.496
-0.9	6.3	344.979
-0.8	6.3	2815.01
-0.7	6.3	769.991
-0.6	6.3	556.817
-0.5	6.3	505.656
-0.4	6.3	485.423
-0.3	6.3	479.564
-2.00E-01	6.3	474.922
-0.0999997	6.3	471.295
3.11E-07	6.3	465.007
0.1	6.3	450.897
2.00E-01	6.3	440.222
0.3	6.3	420.684
0.4	6.3	396.949
5.00E-01	6.3	368.588
0.6	6.3	329.065
0.7	6.3	278.412
0.8	6.3	221.323
9.00E-01	6.3	147.906
1	6.3	73.9335
1.1	6.3	13.4085
1.2	6.3	14.1539
1.3	6.3	209.649
1.4	6.3	1479.87
1.5	6.3	9010.8
1.60E+00	6.3	1704.58
1.7	6.3	339.956
1.8	6.3	769.64
1.90E+00	6.3	1326.47
-1.8	6.4	334.178
-1.7	6.4	1714.36
-1.5	6.4	21.1825
-1.4	6.4	215.934
-1.3	6.4	518.639
-1.2	6.4	40.3987
-1.10E+00	6.4	0.258564
-1	6.4	123.023
-0.9	6.4	376.682
-0.8	6.4	521.399
-7.00E-01	6.4	820.676
-0.6	6.4	561.681
-0.5	6.4	506.421
-0.4	6.4	485.729
-3.00E-01	6.4	479.862
-0.2	6.4	475.349
-0.0999997	6.4	471.567
3.11E-07	6.4	465.34
0.1	6.4	451.357
0.2	6.4	440.924
0.3	6.4	421.373
0.4	6.4	398.124
5.00E-01	6.4	370.034
0.6	6.4	330.834
0.7	6.4	280.507
0.8	6.4	223.837
0.9	6.4	154.282
1	6.4	79.2024
1.1	6.4	15.0932
1.20E+00	6.4	10.6675
1.3	6.4	187.757
1.4	6.4	1447.03
1.5	6.4	2004.5
1.6	6.4	1882.02
1.70E+00	6.4	311.634
1.8	6.4	748.364
1.9	6.4	1264.78
-1.8	6.5	358.762
-1.7	6.5	1390.16
-1.50E+00	6.5	19.0221
-1.4	6.5	171.717
-1.3	6.5	336.416
-1.2	6.5	7.06852
-1.1	6.5	2.12663
-1	6.5	171.93
-0.9	6.5	362.196
-0.8	6.5	528.415
-7.00E-01	6.5	897.304
-0.6	6.5	567.066
-0.5	6.5	507.338
-0.4	6.5	485.976
-3.00E-01	6.5	480.187
-0.2	6.5	475.732
-0.0999997	6.5	471.837
3.11E-07	6.5	465.666
0.1	6.5	451.736
0.2	6.5	441.353
0.3	6.5	422.161
0.4	6.5	399.12
5.00E-01	6.5	371.332
0.6	6.5	332.383
7.00E-01	6.5	287.123
0.8	6.5	226.299
0.9	6.5	156.839
1	6.5	81.8622
1.10E+00	6.5	18.0356
1.2	6.5	7.72394
1.3	6.5	168.15
1.40E+00	6.5	1418.15
1.5	6.5	1984.87
1.6	6.5	1971.32
1.70E+00	6.5	280.765
1.8	6.5	714.034
1.90E+00	6.5	1143.88
2	6.5	1793.87
-1.80E+00	6.6	385.706
-1.7	6.6	1062.95
-1.5	6.6	15.9055
-1.4	6.6	127.345
-1.30E+00	6.6	191.496
-1.2	6.6	1830.4
-1.1	6.6	0.380102
-1.00E+00	6.6	198.037
-0.9	6.6	328.119
-0.8	6.6	439.751
-0.7	6.6	1034.65
-0.6	6.6	573.516
-5.00E-01	6.6	508.431
-0.4	6.6	486.235
-3.00E-01	6.6	480.388
-0.2	6.6	476.04
-0.0999997	6.6	472.147
3.11E-07	6.6	465.977
0.1	6.6	452.244
0.2	6.6	441.937
3.00E-01	6.6	422.812
0.4	6.6	400.091
0.5	6.6	372.475
6.00E-01	6.6	333.922
0.7	6.6	289.098
0.8	6.6	228.433
0.9	6.6	159.4
1	6.6	87.2059
1.10E+00	6.6	19.8597
1.20E+00	6.6	5.35927
1.3	6.6	150.604
1.40E+00	6.6	1390.21
1.5	6.6	1960.16
1.6	6.6	2021.57
1.70E+00	6.6	248.808
1.8	6.6	693.829
1.90E+00	6.6	1097.14
2	6.6	1706.95
-1.8	6.7	419.782
-1.7	6.7	778.782
-1.5	6.7	12.0528
-1.4	6.7	92.1046
-1.3	6.7	90.402
-1.20E+00	6.7	755.31
-1.1	6.7	1.81044
-1.00E+00	6.7	207.708
-0.9	6.7	276.509
-0.8	6.7	244.664
-7.00E-01	6.7	1393.11
-0.6	6.7	581.196
-0.5	6.7	509.371
-4.00E-01	6.7	486.568
-3.00E-01	6.7	480.56
-0.2	6.7	476.268
-1.00E-01	6.7	472.388
3.11E-07	6.7	466.372
0.1	6.7	452.743
0.2	6.7	442.554
3.00E-01	6.7	423.65
0.4	6.7	400.982
0.5	6.7	373.682
0.6	6.7	335.556
0.7	6.7	290.925
0.8	6.7	230.729
0.9	6.7	165.681
1	6.7	89.728
1.1	6.7	23.1144
1.2	6.7	3.45475
1.3	6.7	134.516
1.4	6.7	1363.09
1.5	6.7	1936.31
1.6	6.7	2058.49
1.7	6.7	215.607
1.8	6.7	663.534
1.9	6.7	1061.89
2	6.7	1611.98
-1.8	6.8	454.27
-1.7	6.8	535.508
-1.5	6.8	8.09425
-1.4	6.8	61.3284
-1.3	6.8	28.1346
-1.1	6.8	11.2347
-1	6.8	205.732
-0.9	6.8	152.727
-0.8	6.8	4953.64
-0.7	6.8	715.233
-0.6	6.8	590.377
-0.5	6.8	510.499
-0.4	6.8	486.843
-0.3	6.8	480.759
-0.2	6.8	476.546
-0.0999997	6.8	472.617
3.11E-07	6.8	466.672
0.1	6.8	453.193
0.2	6.8	443.045
0.3	6.8	424.385
0.4	6.8	401.94
0.5	6.8	374.912
0.6	6.8	337.106
0.7	6.8	292.653
0.8	6.8	237.219
0.9	6.8	168.178
1	6.8	95.1159
1.1	6.8	26.5523
1.2	6.8	2.47343
1.3	6.8	120.65
1.4	6.8	1335.7
1.5	6.8	1911.61
1.6	6.8	2080.41
1.7	6.8	176.995
1.8	6.8	646.267
1.9	6.8	1025.03
2	6.8	1516.54
-1.8	6.9	494.384
-1.7	6.9	380.953
-1.6	6.9	2.96008
-1.5	6.9	3.75743
-1.4	6.9	36.4896
-1.3	6.9	2.41988
-1.1	6.9	27.392
-1	6.9	194.437
-0.9	6.9	0.0341366
-0.8	6.9	924.541
-0.7	6.9	450.945
-0.6	6.9	604.203
-0.5	6.9	511.807
-0.4	6.9	487.061
-0.3	6.9	480.865
-0.2	6.9	476.78
-0.0999997	6.9	472.885
3.11E-07	6.9	467
0.1	6.9	453.473
0.2	6.9	443.514
0.3	6.9	425.104
0.4	6.9	402.873
0.5	6.9	376.168
0.6	6.9	338.458
0.7	6.9	294.576
0.8	6.9	239.314
0.9	6.9	170.611
1	6.9	97.6247
1.1	6.9	28.4738
1.2	6.9	1.28688
1.3	6.9	107.879
1.4	6.9	1310.24
1.5	6.9	1888.6
1.6	6.9	2095.12
1.7	6.9	142.781
1.8	6.9	621.506
1.9	6.9	961.547
2	6.9	1431.41
-1.8	7	537.851
-1.7	7	224.258
-1.6	7	10.9304
-1.5	7	0.815988
-1.4	7	18.2083
-1.3	7	0.356027
-1.1	7	43.2718
-1	7	174.138
-0.8	7	920.858
-0.7	7	535.263
-0.6	7	623.594
-0.5	7	512.948
-0.4	7	487.292
-0.3	7	481.089
-0.2	7	476.999
-0.0999997	7	473.179
3.11E-07	7	467.262
0.1	7	453.898
0.2	7	444.205
0.3	7	425.914
0.4	7	403.793
0.5	7	377.322
0.6	7	345.048
0.7	7	296.27
0.8	7	241.444
0.9	7	176.759
1	7	100.24
1.1	7	32.1183
1.2	7	0.515933
1.3	7	96.642
1.4	7	1054.34
1.5	7	1862.79
1.6	7	2106.38
1.7	7	109.043
1.8	7	600.388
1.9	7	940.329
2	7	1355.57
-1.8	7.1	583.917
-1.7	7.1	117.008
-1.6	7.1	21.152
-1.5	7.1	0.0247442
-1.4	7.1	6.2804
-1.3	7.1	8.11232
-1.1	7.1	57.3078
-1	7.1	142.88
-0.9	7.1	5539.5
-0.8	7.1	4964.78
-0.7	7.1	2123.84
-0.6	7.1	657.52
-0.5	7.1	514.462
-0.4	7.1	487.662
-0.3	7.1	481.243
-0.2	7.1	477.164
-0.0999997	7.1	473.363
3.11E-07	7.1	467.58
0.1	7.1	454.26
0.2	7.1	444.623
0.3	7.1	426.608
0.4	7.1	404.644
0.5	7.1	378.436
0.6	7.1	346.451
0.7	7.1	298.074
0.8	7.1	243.615
0.9	7.1	179.18
1	7.1	105.561
1.1	7.1	34.1015
1.2	7.1	0.206576
1.3	7.1	86.8563
1.4	7.1	848.933
1.5	7.1	1836.63
1.6	7.1	2113.62
1.7	7.1	74.6044
1.8	7.1	580.081
1.9	7.1	921.148
2	7.1	1289.48
-1.8	7.2	2097.03
-1.6	7.2	32.1379
-1.5	7.2	1.45422
-1.4	7.2	0.457464
-1.3	7.2	51.5576
-1.2	7.2	1.77575
-1.1	7.2	68.7904
-1	7.2	102.835
-0.9	7.2	4939.67
-0.8	7.2	1.08786
-0.7	7.2	227.222
-0.6	7.2	713.991
-0.5	7.2	516.082
-0.4	7.2	487.933
-0.3	7.2	481.498
-0.2	7.2	477.413
-0.0999997	7.2	473.609
3.11E-07	7.2	467.897
0.1	7.2	454.746
0.2	7.2	445.157
0.3	7.2	427.26
0.4	7.2	410.896
0.5	7.2	379.502
0.6	7.2	347.823
0.7	7.2	304.513
0.8	7.2	245.529
0.9	7.2	181.59
1	7.2	108.15
1.1	7.2	37.888
1.2	7.2	0.00259892
1.3	7.2	77.4149
1.4	7.2	720.234
1.5	7.2	1810.3
1.6	7.2	2117.89
1.7	7.2	47.1596
1.8	7.2	567.667
1.9	7.2	881.24
2	7.2	1231.35
-1.8	7.3	1554.88
-1.6	7.3	43.5288
-1.5	7.3	5.41143
-1.4	7.3	0.565238
-1.3	7.3	152.049
-1.2	7.3	4.50454
-1.1	7.3	78.7224
-1	7.3	55.5446
-0.9	7.3	3499.42
-0.8	7.3	137.896
-0.7	7.3	291.854
-0.6	7.3	868.809
-0.5	7.3	517.852
-0.4	7.3	488.196
-0.3	7.3	481.655
-0.2	7.3	477.577
-0.0999997	7.3	473.997
3.11E-07	7.3	468.131
0.1	7.3	455.17
0.2	7.3	445.648
0.3	7.3	427.897
0.4	7.3	411.804
0.5	7.3	380.535
0.6	7.3	349.052
0.7	7.3	306.115
0.8	7.3	252.066
0.9	7.3	183.67
1	7.3	110.508
1.1	7.3	39.9054
1.2	7.3	0.120377
1.3	7.3	68.4957
1.4	7.3	613.975
1.5	7.3	1783.86
1.6	7.3	2119.42
1.7	7.3	23.8677
1.8	7.3	549.33
1.9	7.3	870.853
2	7.3	1189.29
-1.8	7.4	1126.32
-1.6	7.4	55.1651
-1.5	7.4	11.0419
-1.4	7.4	5.30631
-1.3	7.4	1824.89
-1.2	7.4	4.57878
-1.1	7.4	83.3822
-1	7.4	14.1865
-0.9	7.4	4019.03
-0.8	7.4	213.22
-0.7	7.4	328.602
-0.6	7.4	827.84
-0.5	7.4	519.866
-0.4	7.4	488.399
-0.3	7.4	481.744
-0.2	7.4	477.686
-0.0999997	7.4	474.585
3.11E-07	7.4	468.46
0.1	7.4	455.59
0.2	7.4	446.163
0.3	7.4	428.451
0.4	7.4	412.572
0.5	7.4	381.547
0.6	7.4	350.403
0.7	7.4	307.902
0.8	7.4	254.021
0.9	7.4	189.745
1	7.4	115.885
1.1	7.4	43.8415
1.2	7.4	0.330507
1.3	7.4	62.8808
1.4	7.4	541.472
1.5	7.4	1757.5
1.6	7.4	2119.01
1.7	7.4	7.91569
1.8	7.4	533.828
1.9	7.4	837.402
2	7.4	1197.85
-1.8	7.5	786.042
-1.6	7.5	67.9728
-1.5	7.5	18.012
-1.4	7.5	12.9547
-1.3	7.5	1104.08
-1.2	7.5	2.5965
-1.1	7.5	84.9481
-1	7.5	0.0891387
-0.9	7.5	5539.5
-0.8	7.5	254.56
-0.7	7.5	353.718
-0.6	7.5	517.641
-0.5	7.5	522.134
-0.4	7.5	488.73
-0.3	7.5	481.901
-0.2	7.5	477.916
-0.0999997	7.5	473.715
3.11E-07	7.5	468.644
0.1	7.5	455.897
0.2	7.5	446.667
0.3	7.5	429.05
0.4	7.5	413.369
0.5	7.5	387.938
0.6	7.5	351.75
0.7	7.5	309.455
0.8	7.5	255.957
0.9	7.5	192.001
1	7.5	118.18
1.1	7.5	45.9173
1.2	7.5	0.921188
1.3	7.5	55.2785
1.4	7.5	482.209
1.5	7.5	1731.29
1.6	7.5	9051.25
1.7	7.5	0.617633
1.8	7.5	517.526
1.9	7.5	828.99
2	7.5	1147.82
-1.8	7.6	517.389
-1.6	7.6	79.4957
-1.5	7.6	28.044
-1.4	7.6	20.7786
-1.3	7.6	677.412
-1.2	7.6	0.881325
-1.1	7.6	83.5503
-1	7.6	10.6235
-0.9	7.6	1445.13
-0.8	7.6	288.12
-0.7	7.6	373.545
-0.6	7.6	337.595
-0.5	7.6	524.653
-0.4	7.6	489.006
-0.3	7.6	482.067
-0.2	7.6	478.054
-0.0999997	7.6	473.958
3.11E-07	7.6	468.85
0.1	7.6	461.96
0.2	7.6	447.069
0.3	7.6	429.716
0.4	7.6	414.181
0.5	7.6	388.883
0.6	7.6	352.911
0.7	7.6	311.085
0.8	7.6	257.691
0.9	7.6	194.196
1	7.6	120.692
1.1	7.6	47.9786
1.2	7.6	1.76511
1.3	7.6	48.2072
1.4	7.6	431.989
1.5	7.6	1705.31
1.6	7.6	9179.17
1.7	7.6	2.31923
1.8	7.6	503.028
1.9	7.6	802.816
2	7.6	1104.42
-1.8	7.7	323.874
-1.6	7.7	90.9952
-1.5	7.7	36.6699
-1.4	7.7	27.2591
-1.3	7.7	391.121
-1.2	7.7	0.0109314
-1.1	7.7	79.6501
-0.9	7.7	26.6593
-0.8	7.7	311.166
-0.7	7.7	388.921
-0.6	7.7	382.774
-0.5	7.7	528.252
-0.4	7.7	489.313
-0.3	7.7	482.197
-0.2	7.7	478.196
-0.0999997	7.7	474.117
3.11E-07	7.7	469.183
0.1	7.7	462.182
0.2	7.7	447.533
0.3	7.7	435.873
0.4	7.7	415.03
0.5	7.7	389.765
0.6	7.7	354.148
0.7	7.7	312.687
0.8	7.7	259.569
0.9	7.7	196.373
1	7.7	126.117
1.1	7.7	52.1477
1.2	7.7	2.36993
1.3	7.7	41.9309
1.4	7.7	389.653
1.5	7.7	1679.65
1.6	7.7	9238.41
1.7	7.7	14.807
1.8	7.7	493.059
1.9	7.7	795.066
2	7.7	1072.91
-1.8	7.79999	184.527
-1.6	7.79999	102.488
-1.5	7.79999	47.3047
-1.4	7.79999	24.1659
-1.2	7.79999	0.454075
-1.1	7.79999	71.0895
-0.9	7.79999	0.0449205
-0.8	7.79999	330.294
-0.7	7.79999	401.656
-0.6	7.79999	408.174
-0.5	7.79999	532.721
-0.4	7.79999	489.666
-0.3	7.79999	482.374
-0.2	7.79999	478.4
-0.0999997	7.79999	474.329
3.11E-07	7.79999	469.432
0.1	7.79999	462.612
0.2	7.79999	447.869
0.3	7.79999	436.459
0.4	7.79999	415.748
0.5	7.79999	390.781
0.6	7.79999	355.246
0.7	7.79999	314.058
0.8	7.79999	261.281
0.9	7.79999	198.403
1	7.79999	128.339
1.1	7.79999	54.214
1.2	7.79999	3.58818
1.3	7.79999	36.1374
1.4	7.79999	352.238
1.5	7.79999	1654.36
1.6	7.79999	9267.96
1.7	7.79999	42.5602
1.8	7.79999	479.997
1.9	7.79999	773.73
2	7.79999	1038.02
-1.8	7.89999	94.8641
-1.6	7.89999	114.325
-1.5	7.89999	56.9176
-1.4	7.89999	29.5345
-1.2	7.89999	2.42097
-1.1	7.89999	63.0544
-1	7.89999	71.0298
-0.9	7.89999	54.1616
-0.8	7.89999	346.015
-0.7	7.89999	411.591
-0.6	7.89999	424.069
-0.5	7.89999	538.851
-0.4	7.89999	489.973
-0.3	7.89999	482.477
-0.2	7.89999	478.473
-0.0999997	7.89999	474.538
3.11E-07	7.89999	469.677
0.1	7.89999	462.951
0.2	7.89999	448.344
0.3	7.89999	437.16
0.4	7.89999	416.411
0.5	7.89999	391.602
0.6	7.89999	356.58
0.7	7.89999	315.497
0.8	7.89999	267.589
0.9	7.89999	204.496
1	7.89999	130.629
1.1	7.89999	58.5135
1.2	7.89999	4.40269
1.3	7.89999	32.6112
1.4	7.89999	320.15
1.5	7.89999	1629.48
1.6	7.89999	9287.86
1.7	7.89999	85.9945
1.8	7.89999	464.935
1.9	7.89999	769.541
2	7.89999	1006.45
-1.8	7.99999	37.0606
-1.6	7.99999	125.957
-1.5	7.99999	67.6063
-1.4	7.99999	43.9566
-1.2	7.99999	5.24977
-1.1	7.99999	53.5095
-1	7.99999	1868.76
-0.9	7.99999	124.221
-0.8	7.99999	359.483
-0.7	7.99999	419.929
-0.6	7.99999	434.391
-0.5	7.99999	549.89
-0.4	7.99999	490.405
-0.3	7.99999	482.598
-0.2	7.99999	478.607
-0.0999997	7.99999	474.714
3.11E-07	7.99999	469.879
0.1	7.99999	463.385
0.2	7.99999	448.698
0.3	7.99999	437.61
0.4	7.99999	417.004
0.5	7.99999	392.509
0.6	7.99999	357.765
0.7	7.99999	316.932
0.8	7.99999	269.237
0.9	7.99999	206.565
1	7.99999	136.111
1.1	7.99999	60.4739
1.2	7.99999	5.96699
1.3	7.99999	27.8086
1.4	7.99999	290.998
1.5	7.99999	1605.05
1.6	7.99999	9292.71
1.7	7.99999	151.521
1.8	7.99999	450.129
1.9	7.99999	748.501
2	7.99999	984.739
-1.8	8.09999	7.96712
-1.6	8.09999	136.799
-1.5	8.09999	75.2117
-1.4	8.09999	68.2584
-1.2	8.09999	8.36034
-1.1	8.09999	43.4876
-1	8.09999	3794.28
-0.9	8.09999	178.516
-0.8	8.09999	372.176
-0.7	8.09999	426.603
-0.6	8.09999	442.259
-0.5	8.09999	570.617
-0.4	8.09999	490.741
-0.3	8.09999	482.724
-0.2	8.09999	478.728
-0.0999997	8.09999	474.878
3.11E-07	8.09999	470.151
0.1	8.09999	463.639
0.2	8.09999	449.184
0.3	8.09999	438.207
0.4	8.09999	417.733
0.5	8.09999	393.385
0.6	8.09999	358.837
0.7	8.09999	323.262
0.8	8.09999	270.815
0.9	8.09999	208.409
1	8.09999	138.291
1.1	8.09999	62.4271
1.2	8.09999	6.95048
1.3	8.09999	23.295
1.4	8.09999	264.662
1.5	8.09999	1581.05
1.6	8.09999	9287.58
1.7	8.09999	238.432
1.8	8.09999	435.079
1.9	8.09999	731.142
2	8.09999	958.807
-1.8	8.2	0.00938536
-1.7	8.2	170.347
-1.6	8.2	145.469
-1.5	8.2	81.6454
-1.4	8.2	106.393
-1.2	8.2	12.232
-1.1	8.2	32.8999
-1	8.2	4894.19
-0.9	8.2	214.148
-0.8	8.2	382.424
-0.7	8.2	432.56
-0.6	8.2	447.985
-0.5	8.2	644.483
-0.4	8.2	491.146
-0.3	8.2	482.87
-0.2	8.2	478.839
-0.0999997	8.2	475.098
3.11E-07	8.2	470.318
0.1	8.2	463.851
0.2	8.2	449.554
0.3	8.2	438.643
0.4	8.2	418.345
0.5	8.2	394.315
0.6	8.2	365.159
0.7	8.2	324.554
0.8	8.2	272.558
0.9	8.2	210.33
1	8.2	140.435
1.1	8.2	66.871
1.2	8.2	8.77533
1.3	8.2	19.3623
1.4	8.2	241.489
1.5	8.2	1557.58
1.6	8.2	9272.49
1.7	8.2	361.672
1.8	8.2	419.86
1.9	8.2	713.963
2	8.2	941.685
-1.9	8.3	1307.81
-1.7	8.3	191.306
-1.6	8.3	154.581
-1.5	8.3	85.818
-1.4	8.3	159.95
-1.2	8.3	15.6756
-1.1	8.3	23.4156
-1	8.3	5051.44
-0.9	8.3	241.088
-0.8	8.3	391.443
-0.7	8.3	437.886
-0.6	8.3	452.717
-0.5	8.3	323.081
-0.4	8.3	491.566
-0.3	8.3	482.973
-0.2	8.3	479.093
-0.0999997	8.3	475.24
3.11E-07	8.3	470.57
0.1	8.3	464.154
0.2	8.3	449.927
0.3	8.3	439.015
0.4	8.3	418.914
0.5	8.3	395.143
0.6	8.3	366.19
0.7	8.3	325.825
0.8	8.3	274.157
0.9	8.3	212.159
1	8.3	142.553
1.1	8.3	68.9552
1.2	8.3	9.88908
1.3	8.3	17.1249
1.4	8.3	220.58
1.5	8.3	1534.6
1.6	8.3	9247.58
1.7	8.3	517.572
1.8	8.3	403.792
1.9	8.3	709.454
2	8.3	892.671
-1.9	8.4	976.983
-1.7	8.4	208.167
-1.6	8.4	161.64
-1.5	8.4	86.497
-1.4	8.4	227.078
-1.3	8.4	0.326947
-1.2	8.4	19.2066
-1.1	8.4	17.0127
-1	8.4	4317.08
-0.9	8.4	263.427
-0.8	8.4	399.825
-0.7	8.4	442.494
-0.6	8.4	462.083
-0.5	8.4	426.434
-0.4	8.4	492.175
-0.3	8.4	483.132
-0.2	8.4	479.188
-0.0999997	8.4	475.352
3.11E-07	8.4	470.761
0.1	8.4	464.392
0.2	8.4	450.246
0.3	8.4	439.626
0.4	8.4	419.639
0.5	8.4	395.91
0.6	8.4	367.215
0.7	8.4	327.219
0.8	8.4	275.88
0.9	8.4	218.248
1	8.4	148.084
1.1	8.4	73.3863
1.2	8.4	11.983
1.3	8.4	13.8657
1.4	8.4	206.86
1.5	8.4	1512.1
1.6	8.4	9202.91
1.7	8.4	719.728
1.8	8.4	386.704
1.9	8.4	696.046
2	8.4	874.694
-1.9	8.5	713.993
-1.7	8.5	222.649
-1.6	8.5	166.605
-1.5	8.5	82.4184
-1.4	8.5	2070.86
-1.3	8.5	1.7233
-1.2	8.5	22.2207
-1.1	8.5	8.77976
-1	8.5	2500.54
-0.9	8.5	285.64
-0.8	8.5	407.506
-0.7	8.5	446.364
-0.6	8.5	465.353
-0.5	8.5	448.493
-0.4	8.5	492.825
-0.3	8.5	483.234
-0.2	8.5	479.294
-0.0999997	8.5	475.517
3.11E-07	8.5	471.03
0.1	8.5	464.606
0.2	8.5	450.63
0.3	8.5	440.04
0.4	8.5	420.207
0.5	8.5	396.682
0.6	8.5	368.359
0.7	8.5	328.36
0.8	8.5	277.392
0.9	8.5	220.249
1	8.5	150.162
1.1	8.5	75.4585
1.2	8.5	13.1459
1.3	8.5	12.1507
1.4	8.5	188.849
1.5	8.5	1490.11
1.6	8.5	9089.38
1.7	8.5	976.817
1.8	8.5	368.455
1.9	8.5	680.264
2	8.5	863.471
-1.9	8.6	501.402
-1.7	8.6	234.043
-1.6	8.6	170.901
-1.5	8.6	74.1551
-1.4	8.6	1578.57
-1.3	8.6	3.37025
-1.2	8.6	25.7574
-1.1	8.6	2.55065
-1	8.6	503.498
-0.9	8.6	301.953
-0.8	8.6	413.984
-0.7	8.6	455.528
-0.6	8.6	467.871
-0.5	8.6	458.222
-0.4	8.6	499.345
-0.3	8.6	483.32
-0.2	8.6	479.399
-0.0999997	8.6	475.685
3.11E-07	8.6	471.187
0.1	8.6	464.875
0.2	8.6	451.011
0.3	8.6	440.464
0.4	8.6	420.845
0.5	8.6	397.417
0.6	8.6	369.371
0.7	8.6	329.615
0.8	8.6	278.955
0.9	8.6	221.976
1	8.6	152.012
1.1	8.6	77.4049
1.2	8.6	15.5704
1.3	8.6	9.48763
1.4	8.6	173.174
1.5	8.6	1468.6
1.6	8.6	2010.57
1.7	8.6	1301.53
1.8	8.6	348.864
1.9	8.6	665.506
2	8.6	853.2
-1.9	8.7	343.119
-1.7	8.7	245.546
-1.6	8.7	173.389
-1.5	8.7	71.3607
-1.4	8.7	1173.83
-1.3	8.7	4.8785
-1.2	8.7	27.9125
-1.1	8.7	0.0078581
-1	8.7	559.993
-0.9	8.7	317.078
-0.8	8.7	419.526
-0.7	8.7	458.634
-0.6	8.7	470.344
-0.5	8.7	469.251
-0.4	8.7	500.09
-0.3	8.7	483.428
-0.2	8.7	479.526
-0.0999997	8.7	475.856
3.11E-07	8.7	471.417
0.1	8.7	465.17
0.2	8.7	451.309
0.3	8.7	440.85
0.4	8.7	421.357
0.5	8.7	398.148
0.6	8.7	370.277
0.7	8.7	330.799
0.8	8.7	285.242
0.9	8.7	223.817
1	8.7	154.022
1.1	8.7	81.9539
1.2	8.7	16.833
1.3	8.7	7.25118
1.4	8.7	158.52
1.5	8.7	1447.61
1.6	8.7	1992.94
1.7	8.7	1699.19
1.8	8.7	327.969
1.9	8.7	654.667
2	8.7	843.81
-1.9	8.8	224.195
-1.7	8.8	253.128
-1.6	8.8	173.736
-1.5	8.8	73.3744
-1.4	8.8	871.812
-1.3	8.8	5.34783
-1.2	8.8	29.323
-1.1	8.8	1.76108
-0.9	8.8	330.546
-0.8	8.8	425.325
-0.7	8.8	461.354
-0.6	8.8	472.476
-0.5	8.8	472.667
-0.4	8.8	500.899
-0.3	8.8	483.569
-0.2	8.8	479.67
-0.0999997	8.8	475.997
3.11E-07	8.8	471.591
0.1	8.8	465.427
0.2	8.8	451.679
0.3	8.8	441.317
0.4	8.8	421.873
0.5	8.8	398.872
0.6	8.8	371.259
0.7	8.8	332.046
0.8	8.8	286.727
0.9	8.8	225.421
1	8.8	159.665
1.1	8.8	83.8946
1.2	8.8	19.4001
1.3	8.8	6.10535
1.4	8.8	144.813
1.5	8.8	1427.08
1.6	8.8	1978.53
1.7	8.8	1850.1
1.8	8.8	303.882
1.9	8.8	641.787
2	8.8	834.906
-1.9	8.9	134.923
-1.7	8.9	258.997
-1.6	8.9	171.947
-1.5	8.9	78.335
-1.4	8.9	646.566
-1.3	8.9	5.08625
-1.2	8.9	30.348
-1.1	8.9	6.19583
-1	8.9	32.4627
-0.9	8.9	342.364
-0.8	8.9	430.247
-0.7	8.9	464.024
-0.6	8.9	474.267
-0.5	8.9	475.248
-0.4	8.9	501.889
-0.3	8.9	483.706
-0.2	8.9	479.799
-0.0999997	8.9	476.118
3.11E-07	8.9	471.721
0.1	8.9	465.842
0.2	8.9	451.989
0.3	8.9	441.715
0.4	8.9	422.627
0.5	8.9	399.617
0.6	8.9	372.192
0.7	8.9	333.211
0.8	8.9	288.03
0.9	8.9	227.199
1	8.9	161.627
1.1	8.9	85.9351
1.2	8.9	20.7695
1.3	8.9	4.38414
1.4	8.9	132.926
1.5	8.9	1407.04
1.6	8.9	1961.37
1.7	8.9	1932.58
1.8	8.9	279.957
1.9	8.9	629.903
2	8.9	807.45
-1.9	9	72.6647
-1.7	9	265.56
-1.6	9	167.602
-1.5	9	87.6777
-1.4	9	477.867
-1.3	9	4.36506
-1.2	9	30.7512
-1.1	9	8.09086
-1	9	9.88832
-0.9	9	352.977
-0.8	9	434.694
-0.7	9	466.36
-0.6	9	475.876
-0.5	9	477.337
-0.4	9	503.081
-0.3	9	483.816
-0.2	9	479.899
-0.0999997	9	476.266
3.11E-07	9	471.911
0.1	9	466.043
0.2	9	452.374
0.3	9	442.149
0.4	9	423.228
0.5	9	400.357
0.6	9	373.016
0.7	9	334.271
0.8	9	289.478
0.9	9	233.017
1	9	163.557
1.1	9	87.8267
1.2	9	23.535
1.3	9	3.53123
1.4	9	124.721
1.5	9	1387.44
1.6	9	1941.9
1.7	9	1985.14
1.8	9	257.941
1.9	9	616.519
2	9	800.311
-1.9	9.1	33.7844
-1.7	9.1	268.027
-1.6	9.1	161.875
-1.5	9.1	100.661
-1.3	9.1	3.05276
-1.2	9.1	30.5717
-1.1	9.1	4.50943
-1	9.1	1.94631
-0.9	9.1	363.225
-0.8	9.1	438.712
-0.7	9.1	468.395
-0.6	9.1	477.158
-0.5	9.1	479.054
-0.4	9.1	504.816
-0.3	9.1	483.891
-0.2	9.1	479.849
-0.0999997	9.1	476.336
3.11E-07	9.1	472.09
0.1	9.1	466.263
0.2	9.1	452.645
0.3	9.1	442.598
0.4	9.1	423.774
0.5	9.1	401.141
0.6	9.1	374.069
0.7	9.1	335.395
0.8	9.1	290.923
0.9	9.1	234.765
1	9.1	165.263
1.1	9.1	92.4653
1.2	9.1	24.9533
1.3	9.1	2.28652
1.4	9.1	114.603
1.5	9.1	1368.3
1.6	9.1	1926.05
1.7	9.1	2020.7
1.8	9.1	232.779
1.9	9.1	606.821
2	9.1	793.091
-1.9	9.2	10.4711
-1.7	9.2	268.205
-1.6	9.2	150.507
-1.5	9.2	116.42
-1.3	9.2	2.05725
-1.2	9.2	29.9368
-1	9.2	32.4296
-0.9	9.2	372.411
-0.8	9.2	442.424
-0.7	9.2	470.334
-0.6	9.2	478.606
-0.5	9.2	480.328
-0.4	9.2	507.244
-0.3	9.2	484.098
-0.2	9.2	480.063
-0.0999997	9.2	476.475
3.11E-07	9.2	472.258
0.1	9.2	466.452
0.2	9.2	452.961
0.3	9.2	442.899
0.4	9.2	424.234
0.5	9.2	401.874
0.6	9.2	374.865
0.7	9.2	336.45
0.8	9.2	292.184
0.9	9.2	236.314
1	9.2	167.173
1.1	9.2	94.3672
1.2	9.2	26.4096
1.3	9.2	1.31717
1.4	9.2	104.79
1.5	9.2	1349.61
1.6	9.2	1907.51
1.7	9.2	2044.4
1.8	9.2	207.984
1.9	9.2	598.272
2	9.2	786.488
-1.9	9.3	0.75007
-1.7	9.3	266.896
-1.6	9.3	143.008
-1.5	9.3	140.803
-1.3	9.3	1.26896
-1.2	9.3	28.9888
-1	9.3	76.4288
-0.9	9.3	380.739
-0.8	9.3	445.721
-0.7	9.3	471.995
-0.6	9.3	479.623
-0.5	9.3	481.584
-0.4	9.3	511.097
-0.3	9.3	484.161
-0.2	9.3	480.208
-0.0999997	9.3	476.683
3.11E-07	9.3	472.503
0.1	9.3	466.725
0.2	9.3	453.337
0.3	9.3	443.456
0.4	9.3	424.787
0.5	9.3	402.464
0.6	9.3	375.79
0.7	9.3	342.705
0.8	9.3	293.617
0.9	9.3	237.901
1	9.3	172.795
1.1	9.3	96.2525
1.2	9.3	29.4111
1.3	9.3	0.917911
1.4	9.3	98.8901
1.5	9.3	1329.43
1.6	9.3	1889.29
1.7	9.3	2064.13
1.8	9.3	180.247
1.9	9.3	587.742
2	9.3	767.051
-1.9	9.4	1.7614
-1.7	9.4	261.457
-1.6	9.4	138.189
-1.5	9.4	166.094
-1.3	9.4	0.549722
-1.2	9.4	27.6781
-1	9.4	120.19
-0.9	9.4	388.057
-0.8	9.4	454.534
-0.7	9.4	473.745
-0.6	9.4	480.832
-0.5	9.4	482.545
-0.4	9.4	522.998
-0.3	9.4	484.307
-0.2	9.4	480.303
-0.0999997	9.4	476.778
3.11E-07	9.4	472.541
0.1	9.4	466.817
0.2	9.4	453.755
0.3	9.4	443.744
0.4	9.4	425.309
0.5	9.4	403.173
0.6	9.4	376.608
0.7	9.4	343.796
0.8	9.4	294.912
0.9	9.4	239.671
1	9.4	174.515
1.1	9.4	100.936
1.2	9.4	30.8026
1.3	9.4	0.365623
1.4	9.4	90.5647
1.5	9.4	1314.56
1.6	9.4	1870.23
1.7	9.4	2078.97
1.8	9.4	155.06
1.9	9.4	578.067
2	9.4	760.837
-1.9	9.5	10.654
-1.8	9.5	282.964
-1.7	9.5	256.76
-1.6	9.5	134.135
-1.5	9.5	199.219
-1.3	9.5	0.127903
-1.2	9.5	26.2624
-1	9.5	154.271
-0.9	9.5	395.038
-0.8	9.5	457.244
-0.7	9.5	475.272
-0.6	9.5	481.665
-0.5	9.5	483.453
-0.4	9.5	435.711
-0.3	9.5	484.504
-0.2	9.5	480.419
-0.0999997	9.5	476.928
3.11E-07	9.5	472.878
0.1	9.5	467.05
0.2	9.5	454.011
0.3	9.5	444.067
0.4	9.5	425.764
0.5	9.5	403.841
0.6	9.5	377.354
0.7	9.5	344.766
0.8	9.5	296.104
0.9	9.5	241.213
1	9.5	176.337
1.1	9.5	102.802
1.2	9.5	32.2948
1.3	9.5	0.177908
1.4	9.5	82.8375
1.5	9.5	1115.92
1.6	9.5	1851
1.7	9.5	2088.22
1.8	9.5	129.736
1.9	9.5	572.121
2	9.5	758.827
-2	9.6	1592.36
-1.8	9.6	293.328
-1.7	9.6	248.921
-1.6	9.6	131.719
-1.5	9.6	235.075
-1.3	9.6	0.000270318
-1.2	9.6	23.5624
-1.1	9.6	645.892
-1	9.6	185.261
-0.9	9.6	401.739
-0.8	9.6	459.876
-0.7	9.6	476.538
-0.6	9.6	482.52
-0.5	9.6	484.195
-0.4	9.6	470.303
-0.3	9.6	484.635
-0.2	9.6	480.436
-0.0999997	9.6	477.045
3.11E-07	9.6	473.032
0.1	9.6	467.158
0.2	9.6	454.16
0.3	9.6	444.467
0.4	9.6	426.287
0.5	9.6	404.508
0.6	9.6	378.226
0.7	9.6	345.807
0.8	9.6	297.346
0.9	9.6	242.777
1	9.6	178.146
1.1	9.6	104.648
1.2	9.6	35.4185
1.3	9.6	0.00772476
1.4	9.6	78.0065
1.5	9.6	844.884
1.6	9.6	1832.44
1.7	9.6	2098.19
1.8	9.6	103.754
1.9	9.6	561.327
2	9.6	756.795
-2	9.7	1300.2
-1.8	9.7	300.629
-1.7	9.7	241.658
-1.6	9.7	131.03
-1.5	9.7	278.546
-1.3	9.7	0.158042
-1.2	9.7	21.8134
-1.1	9.7	1255.5
-1	9.7	209.956
-0.9	9.7	408.118
-0.8	9.7	462.353
-0.7	9.7	477.73
-0.6	9.7	483.311
-0.5	9.7	484.949
-0.4	9.7	480.499
-0.3	9.7	484.729
-0.2	9.7	480.568
-0.0999997	9.7	477.144
3.11E-07	9.7	473.083
0.1	9.7	467.532
0.2	9.7	454.493
0.3	9.7	444.886
0.4	9.7	426.797
0.5	9.7	410.478
0.6	9.7	378.991
0.7	9.7	346.847
0.8	9.7	303.447
0.9	9.7	248.569
1	9.7	179.739
1.1	9.7	106.454
1.2	9.7	36.9468
1.3	9.7	0.0099418
1.4	9.7	70.8614
1.5	9.7	710.843
1.6	9.7	1813.06
1.7	9.7	2102.29
1.8	9.7	81.3412
1.9	9.7	553.899
2	9.7	738.137
-2	9.8	1030.53
-1.8	9.8	306.552
-1.7	9.8	234.146
-1.6	9.8	131.553
-1.5	9.8	2289.98
-1.3	9.8	0.60322
-1.2	9.8	20.0987
-1.1	9.8	15.3283
-1	9.8	229.92
-0.9	9.8	413.395
-0.8	9.8	464.733
-0.7	9.8	478.942
-0.6	9.8	484.009
-0.5	9.8	485.476
-0.4	9.8	482.777
-0.3	9.8	484.849
-0.2	9.8	480.663
-0.0999997	9.8	477.285
3.11E-07	9.8	473.269
0.1	9.8	467.749
0.2	9.8	454.879
0.3	9.8	445.298
0.4	9.8	427.301
0.5	9.8	411.076
0.6	9.8	379.793
0.7	9.8	347.888
0.8	9.8	304.661
0.9	9.8	250.113
1	9.8	181.529
1.1	9.8	111.237
1.2	9.8	40.3453
1.3	9.8	0.183597
1.4	9.8	64.0306
1.5	9.8	619.566
1.6	9.8	1793.68
1.7	9.8	2106.17
1.8	9.8	58.1428
1.9	9.8	546.982
2	9.8	736.044
-2	9.9	811.595
-1.8	9.9	310.208
-1.7	9.9	227.918
-1.6	9.9	134.116
-1.5	9.9	1930.79
-1.3	9.9	1.23578
-1.2	9.9	18.6058
-1.1	9.9	6.96464
-1	9.9	248.234
-0.9	9.9	418.566
-0.8	9.9	466.782
-0.7	9.9	479.952
-0.6	9.9	484.737
-0.5	9.9	485.978
-0.4	9.9	484.064
-0.3	9.9	484.972
-0.2	9.9	480.75
-0.0999997	9.9	477.425
3.11E-07	9.9	473.354
0.1	9.9	467.959
0.2	9.9	455.061
0.3	9.9	445.629
0.4	9.9	427.789
0.5	9.9	411.685
0.6	9.9	380.622
0.7	9.9	348.857
0.8	9.9	305.8
0.9	9.9	251.49
1	9.9	186.988
1.1	9.9	113.054
1.2	9.9	41.8144
1.3	9.9	0.355799
1.4	9.9	59.9388
1.5	9.9	550.678
1.6	9.9	1774.33
1.7	9.9	2110.15
1.8	9.9	40.6208
1.9	9.9	540.592
2	9.9	730.22
-2	10	629.958
-1.8	10	311.482
-1.7	10	221.797
-1.6	10	137.291
-1.5	10	1604.79
-1.3	10	2.47785
-1.2	10	17.4672
-1.1	10	41.5475
-1	10	265.029
-0.9	10	423.417
-0.8	10	468.76
-0.7	10	480.991
-0.6	10	485.363
-0.5	10	486.589
-0.4	10	485.011
-0.3	10	485.267
-0.2	10	480.867
-0.0999997	10	477.43
3.11E-07	10	473.538
0.1	10	468.157
0.2	10	455.38
0.3	10	446.004
0.4	10	428.137
0.5	10	412.237
0.6	10	386.665
0.7	10	349.857
0.8	10	306.93
0.9	10	252.874
1	10	188.693
1.1	10	114.87
1.2	10	43.2605
1.3	10	0.57765
1.4	10	54.0247
1.5	10	506.594
1.6	10	1757.8
1.7	10	2109.29
1.8	10	24.342
1.9	10	527.719
2	10	715.773
