-1.2	5.00E-01	137.16
-1.1	5.00E-01	15.7302
-0.9	5.00E-01	352.881
-0.7	0.5	100.799
-0.6	0.5	0.124898
-0.5	0.5	326.554
-0.4	0.5	241.68
-0.3	0.5	418.561
-0.2	0.5	444
-0.0999997	0.5	344.766
3.11E-07	0.5	187.53
0.1	0.5	80.7344
0.2	0.5	9.89537
0.3	0.5	28.6182
0.4	0.5	254.241
0.5	0.5	753.189
0.6	0.5	1563.27
0.7	0.5	79.8552
0.8	0.5	3421.24
0.9	0.5	3421.24
1	0.5	3421.24
1.1	0.5	3421.24
1.2	0.5	3421.24
1.3	0.5	3421.24
1.6	0.5	3421.24
1.7	0.5	3421.24
1.9	0.5	3421.24
-2	0.6	111.695
-1.9	0.6	172.073
-1.1	0.6	243.056
-1	0.6	129.052
-0.9	0.6	159.587
-0.7	0.6	0.96307
-0.6	0.6	3.56717
-0.5	0.6	2379.97
-0.4	0.6	3421.24
-0.3	0.6	867.28
-0.2	0.6	496.227
-0.0999997	0.6	326.723
3.11E-07	0.6	232.735
0.1	0.6	131.803
0.2	0.6	45.3827
0.3	0.6	0.46607
0.4	0.6	65.7622
0.5	0.6	366.142
0.6	0.6	1014.12
0.7	0.6	1537.36
0.8	0.6	1.68343
0.9	0.6	3421.24
1	0.6	3421.24
1.1	0.6	3421.24
1.2	0.6	3421.24
1.3	0.6	3421.24
1.4	0.6	3421.24
1.7	0.6	3421.24
1.8	0.6	3421.24
-2	0.7	399.601
-1.9	0.7	439.567
-1.8	0.7	0.456804
-1.7	0.7	30.9185
-1.6	0.7	58.8587
-1.5	0.7	127.957
-1.4	0.7	147.881
-1.3	0.7	201.741
-1.2	0.7	206.613
-1.1	0.7	217.343
-0.7	0.7	76.303
-0.6	0.7	237.828
-0.5	0.7	250.095
-0.4	0.7	3421.24
-0.3	0.7	1555.41
-0.2	0.7	471.37
-0.0999997	0.7	373.081
3.11E-07	0.7	265.87
0.1	0.7	170.616
0.2	0.7	92.4215
0.3	0.7	20.088
0.4	0.7	6.52175
0.5	0.7	153.595
0.6	0.7	591.422
0.7	0.7	1403.51
0.8	0.7	312.881
0.9	0.7	3421.24
1	0.7	3421.24
1.1	0.7	3421.24
1.2	0.7	3421.24
1.3	0.7	3421.24
1.5	0.7	3421.24
1.7	0.7	3421.24
1.8	0.7	3421.24
2	0.7	3421.24
-2	0.8	155.74
-1.5	0.8	489.099
-1.4	0.8	26.3067
-1.3	0.8	0.0687845
-1.2	0.8	0.907648
-1.1	0.8	114.96
-1	0.8	358.194
-0.9	0.8	23.3224
-0.8	0.8	166.615
-0.7	0.8	202.864
-0.6	0.8	812.91
-0.5	0.8	1641.76
-0.4	0.8	863.113
-0.3	0.8	874.369
-0.2	0.8	488.875
-0.0999997	0.8	378.287
3.11E-07	0.8	289.033
0.1	0.8	210.417
0.2	0.8	126.563
0.3	0.8	50.1092
0.4	0.8	1.7542
0.5	0.8	47.1098
0.6	0.8	321.778
0.7	0.8	967.72
0.8	0.8	1408.41
0.9	0.8	15.1086
1	0.8	3421.24
1.1	0.8	3421.24
1.3	0.8	3421.24
1.4	0.8	3421.24
1.6	0.8	3421.24
-1.9	0.9	440.888
-1.8	0.9	503.258
-1.7	0.9	15.8949
-1.6	0.9	73.7984
-1.5	0.9	166.587
-1.2	0.9	361.114
-1.1	0.9	8.34134
-1	0.9	514.472
-0.9	0.9	200.963
-0.8	0.9	436.585
-0.7	0.9	0.0252848
-0.6	0.9	98.1732
-0.5	0.9	1442.12
-0.4	0.9	972.211
-0.3	0.9	367.039
-0.2	0.9	707.238
-0.0999997	0.9	393.045
3.11E-07	0.9	309.097
0.1	0.9	233.016
0.2	0.9	158.128
0.3	0.9	79.8276
0.4	0.9	16.3803
0.5	0.9	8.56645
0.6	0.9	160.508
0.7	0.9	627.471
0.8	0.9	1465.49
0.9	0.9	82.0487
1	0.9	3421.24
1.1	0.9	3421.24
1.2	0.9	3421.24
1.4	0.9	3421.24
1.5	0.9	3421.24
1.6	0.9	3421.24
1.9	0.9	3421.24
-2	1	2.56857
-1.9	1	64.1946
-1.8	1	149.033
-1.4	1	92.5307
-1.3	1	16.3117
-1.2	1	117.77
-1	1	579.022
-0.9	1	65.415
-0.8	1	6.89022
-0.7	1	1439.04
-0.6	1	314.677
-0.5	1	766.523
-0.4	1	803.77
-0.3	1	492.458
-0.2	1	481.971
-0.0999997	1	412.383
3.11E-07	1	326.865
0.1	1	259.376
0.2	1	184.727
0.3	1	108.603
0.4	1	37.9602
0.5	1	0.0150431
0.6	1	71.3017
0.7	1	394.527
0.8	1	1144.71
0.9	1	742.702
1	1	90.5272
1.1	1	3421.24
1.2	1	3421.24
1.5	1	3421.24
1.7	1	3421.24
2	1	3421.24
-1.7	1.1	491.914
-1.6	1.1	34.8535
-1.5	1.1	4.32968
-1.4	1.1	126.537
-1.3	1.1	231.448
-1.2	1.1	556.298
-1.1	1.1	2359.64
-1	1.1	335.726
-0.9	1.1	257.507
-0.8	1.1	114.518
-0.7	1.1	156.725
-0.6	1.1	1581.6
-0.5	1.1	480.762
-0.4	1.1	537.852
-0.3	1.1	902.879
-0.2	1.1	483.107
-0.0999997	1.1	403.82
3.11E-07	1.1	342.539
0.1	1.1	272.235
0.2	1.1	203.794
0.3	1.1	132.062
0.4	1.1	58.736
0.5	1.1	6.56273
0.6	1.1	25.0738
0.7	1.1	236.342
0.8	1.1	826.82
0.9	1.1	1381.18
1	1.1	7.86542
1.1	1.1	3421.24
1.2	1.1	3421.24
1.3	1.1	3421.24
1.4	1.1	3421.24
1.5	1.1	3421.24
1.6	1.1	3421.24
1.8	1.1	3421.24
2	1.1	3421.24
-1.9	1.2	446.734
-1.8	1.2	546.005
-1.7	1.2	3.32633
-1.6	1.2	90.1641
-1.5	1.2	224.85
-1.3	1.2	428.72
-1.2	1.2	24.7555
-0.9	1.2	8.2198
-0.8	1.2	330.499
-0.7	1.2	256.012
-0.6	1.2	419.795
-0.5	1.2	1052.26
-0.4	1.2	973.081
-0.3	1.2	657.037
-0.2	1.2	475.802
-0.0999997	1.2	415.43
3.11E-07	1.2	350.799
0.1	1.2	286.898
0.2	1.2	219.076
0.3	1.2	154.657
0.4	1.2	80.317
0.5	1.2	19.1173
0.6	1.2	5.56863
0.7	1.2	135.755
0.8	1.2	576.198
0.9	1.2	1415.56
1	1.2	71.4357
1.1	1.2	3421.24
1.2	1.2	3421.24
1.3	1.2	3421.24
1.6	1.2	3421.24
1.7	1.2	3421.24
1.8	1.2	3421.24
-2	1.3	497.591
-1.9	1.3	8.2859
-1.8	1.3	21.0522
-1.7	1.3	164.003
-1.4	1.3	139.117
-1.3	1.3	54.9016
-1.1	1.3	659.9
-1	1.3	104.398
-0.9	1.3	55.3939
-0.8	1.3	84.2189
-0.7	1.3	3421.24
-0.6	1.3	868.633
-0.5	1.3	3421.24
-0.4	1.3	628.815
-0.3	1.3	570.07
-0.2	1.3	521.848
-0.0999997	1.3	419.593
3.11E-07	1.3	364.612
0.1	1.3	305
0.2	1.3	238.337
0.3	1.3	171.145
0.4	1.3	100.231
0.5	1.3	33.7656
0.6	1.3	2.77E-07
0.7	1.3	72.0729
0.8	1.3	401.331
0.9	1.3	1176.84
1	1.3	389.692
1.1	1.3	510.374
1.2	1.3	3421.24
1.3	1.3	3421.24
1.4	1.3	3421.24
1.6	1.3	3421.24
1.7	1.3	3421.24
1.8	1.3	3421.24
1.9	1.3	3421.24
2	1.3	3421.24
-2	1.4	0.174666
-1.9	1.4	61.7615
-1.8	1.4	187.402
-1.5	1.4	175.647
-1.4	1.4	15.1709
-1.1	1.4	2918.89
-1	1.4	397.386
-0.9	1.4	1113.01
-0.8	1.4	131.659
-0.7	1.4	378.595
-0.6	1.4	3022.56
-0.5	1.4	741.533
-0.4	1.4	804.536
-0.3	1.4	643.422
-0.2	1.4	486.096
-0.0999997	1.4	429.336
3.11E-07	1.4	371.272
0.1	1.4	313.5
0.2	1.4	255.532
0.3	1.4	186.976
0.4	1.4	119.192
0.5	1.4	50.3288
0.6	1.4	3.23211
0.7	1.4	34.1603
0.8	1.4	271.883
0.9	1.4	921.959
1	1.4	919.009
1.1	1.4	7.05546
1.2	1.4	3421.24
1.3	1.4	3421.24
1.5	1.4	3421.24
1.7	1.4	3421.24
1.9	1.4	3421.24
2	1.4	3421.24
-2	1.5	89.1531
-1.6	1.5	70.4708
-1.5	1.5	2.67882
-1.4	1.5	193.92
-1.2	1.5	2896.41
-1.1	1.5	320.603
-0.9	1.5	26.2344
-0.8	1.5	1960.77
-0.7	1.5	78.6432
-0.5	1.5	1066.63
-0.4	1.5	400.447
-0.3	1.5	551.785
-0.2	1.5	599.026
-0.0999997	1.5	427.345
3.11E-07	1.5	376.993
0.1	1.5	327.037
0.2	1.5	264.552
0.3	1.5	203.113
0.4	1.5	134.158
0.5	1.5	65.5077
0.6	1.5	10.3657
0.7	1.5	13.5202
0.8	1.5	178.32
0.9	1.5	701.387
1	1.5	1288.14
1.1	1.5	3.13051
1.2	1.5	3421.24
1.3	1.5	3421.24
1.4	1.5	3421.24
1.5	1.5	3421.24
1.6	1.5	3421.24
2	1.5	3421.24
-1.7	1.6	73.2766
-1.6	1.6	12.5032
-1.5	1.6	130.311
-1.3	1.6	909.822
-1.2	1.6	684.997
-1	1.6	7.19103
-0.9	1.6	21.1783
-0.8	1.6	3421.24
-0.7	1.6	1480.4
-0.6	1.6	683.095
-0.5	1.6	2092.64
-0.4	1.6	637.864
-0.3	1.6	582.844
-0.2	1.6	483.425
-0.0999997	1.6	450.878
3.11E-07	1.6	387.853
0.1	1.6	333.692
0.2	1.6	277.603
0.3	1.6	217.793
0.4	1.6	152.471
0.5	1.6	81.0089
0.6	1.6	20.2582
0.7	1.6	2.83685
0.8	1.6	112.381
0.9	1.6	527.676
1	1.6	1322.71
1.1	1.6	54.2231
1.2	1.6	3421.24
1.3	1.6	3421.24
1.4	1.6	3421.24
1.5	1.6	3421.24
1.6	1.6	3421.24
1.7	1.6	3421.24
1.8	1.6	3421.24
1.9	1.6	3421.24
2	1.6	3421.24
-1.8	1.7	145.029
-1.7	1.7	6.05723
-1.3	1.7	0.227541
-1	1.7	9.73732
-0.9	1.7	50.7952
-0.8	1.7	56.605
-0.7	1.7	3421.24
-0.6	1.7	1134.9
-0.5	1.7	582.597
-0.4	1.7	705.907
-0.3	1.7	649.16
-0.2	1.7	531.788
-0.0999997	1.7	439.478
3.11E-07	1.7	392.137
0.1	1.7	340.254
0.2	1.7	285.342
0.3	1.7	231.779
0.4	1.7	166.447
0.5	1.7	96.7869
0.6	1.7	32.476
0.7	1.7	0.0488548
0.8	1.7	69.1091
0.9	1.7	394.168
1	1.7	1189.16
1.1	1.7	202.246
1.2	1.7	3212.52
1.3	1.7	3421.24
1.4	1.7	3421.24
1.5	1.7	3421.24
1.7	1.7	3421.24
1.8	1.7	3421.24
1.9	1.7	3421.24
2	1.7	3421.24
-1.9	1.8	194.752
-1.8	1.8	1.75922
-1.7	1.8	104.804
-1.4	1.8	176.744
-1.2	1.8	107.568
-1.1	1.8	74.6367
-1	1.8	51.0911
-0.9	1.8	205.193
-0.8	1.8	327.281
-0.7	1.8	368.002
-0.6	1.8	1640.84
-0.5	1.8	728.395
-0.4	1.8	860.262
-0.3	1.8	542.901
-0.2	1.8	504.367
-0.0999997	1.8	447.549
3.11E-07	1.8	396.525
0.1	1.8	350.956
0.2	1.8	298.916
0.3	1.8	240.209
0.4	1.8	179.331
0.5	1.8	109.022
0.6	1.8	43.8238
0.7	1.8	1.27298
0.8	1.8	40.9448
0.9	1.8	296.445
1	1.8	998.55
1.1	1.8	484.039
1.2	1.8	206.419
1.3	1.8	3421.24
1.4	1.8	3421.24
1.5	1.8	3421.24
1.8	1.8	3421.24
1.9	1.8	3421.24
2	1.8	3421.24
-2	1.9	271.683
-1.9	1.9	16.0183
-1.8	1.9	40.5859
-1.5	1.9	937.469
-1.4	1.9	20.6931
-1.2	1.9	375.862
-1.1	1.9	136.356
-1	1.9	294.847
-0.9	1.9	84.272
-0.8	1.9	92.7233
-0.7	1.9	28.4358
-0.5	1.9	825.949
-0.4	1.9	554.434
-0.3	1.9	554.802
-0.2	1.9	508.239
-0.0999997	1.9	442.611
3.11E-07	1.9	400.019
0.1	1.9	357.156
0.2	1.9	306.225
0.3	1.9	252.748
0.4	1.9	188
0.5	1.9	121.14
0.6	1.9	55.9096
0.7	1.9	5.5216
0.8	1.9	21.5391
0.9	1.9	214.235
1	1.9	810.441
1.1	1.9	821.854
1.2	1.9	17.0245
1.3	1.9	3421.24
1.4	1.9	3421.24
1.5	1.9	3421.24
1.6	1.9	3421.24
1.8	1.9	3421.24
-2	2	49.5071
-1.9	2	12.2523
-1.8	2	147.334
-1.6	2	1027.77
-1.5	2	75.9462
-1.3	2	729.707
-1.2	2	697.592
-1.1	2	1.54115
-1	2	1589.62
-0.9	2	443.416
-0.8	2	42.889
-0.7	2	318.048
-0.6	2	210.106
-0.5	2	965.551
-0.4	2	595.044
-0.3	2	569.133
-0.2	2	518.058
-0.0999997	2	445.762
3.11E-07	2	403.184
0.1	2	361.489
0.2	2	318.316
0.3	2	259.935
0.4	2	200.303
0.5	2	132.772
0.6	2	65.9036
0.7	2	12.3077
0.8	2	10.1786
0.9	2	156.628
1	2	649.678
1.1	2	1093.66
1.2	2	0.66955
1.3	2	3421.24
1.4	2	3421.24
1.5	2	3421.24
1.6	2	3421.24
2	2	3421.24
-2	2.1	0.163728
-1.9	2.1	84.4266
-1.6	2.1	225.972
-1.3	2.1	873.745
-1.2	2.1	996.199
-1.1	2.1	373.63
-1	2.1	1460.18
-0.9	2.1	3421.24
-0.8	2.1	759.989
-0.7	2.1	748.364
-0.6	2.1	589.25
-0.5	2.1	1337.47
-0.4	2.1	614.672
-0.3	2.1	606.087
-0.2	2.1	501.712
-0.0999997	2.1	453.377
3.11E-07	2.1	406.202
0.1	2.1	366.593
0.2	2.1	321.757
0.3	2.1	272.063
0.4	2.1	212.463
0.5	2.1	144.582
0.6	2.1	78.6978
0.7	2.1	19.5273
0.8	2.1	3.48878
0.9	2.1	110.958
1	2.1	516.748
1.1	2.1	1202.69
1.2	2.1	9.0687
1.3	2.1	3421.24
1.4	2.1	3421.24
1.7	2.1	3421.24
1.8	2.1	3421.24
1.9	2.1	3421.24
-2	2.2	38.8531
-1.6	2.2	11.3089
-1.3	2.2	1010.96
-1.2	2.2	1829.28
-1.1	2.2	2059.17
-1	2.2	77.49
-0.9	2.2	3421.24
-0.8	2.2	2482.16
-0.7	2.2	1098.03
-0.6	2.2	737.906
-0.5	2.2	480.747
-0.4	2.2	638.376
-0.3	2.2	528.599
-0.2	2.2	501.874
-0.0999997	2.2	447.307
3.11E-07	2.2	409.4
0.1	2.2	360.519
0.2	2.2	328.909
0.3	2.2	278.369
0.4	2.2	219.305
0.5	2.2	156.067
0.6	2.2	88.6842
0.7	2.2	27.767
0.8	2.2	0.411966
0.9	2.2	76.4877
1	2.2	417.975
1.1	2.2	1171.12
1.2	2.2	69.2535
1.3	2.2	3421.24
1.4	2.2	3421.24
1.5	2.2	3421.24
1.6	2.2	3421.24
1.7	2.2	3421.24
1.8	2.2	3421.24
1.9	2.2	3421.24
2	2.2	3421.24
-2	2.3	40.0054
-1.7	2.3	415.171
-1.6	2.3	20.5657
-1.4	2.3	589.813
-1.3	2.3	3421.24
-1.2	2.3	466.074
-0.9	2.3	1634.63
-0.8	2.3	3421.24
-0.7	2.3	1441.88
-0.6	2.3	832.054
-0.5	2.3	595.74
-0.4	2.3	680.117
-0.3	2.3	534.433
-0.2	2.3	503.298
-0.0999997	2.3	449.014
3.11E-07	2.3	418.425
0.1	2.3	380.371
0.2	2.3	333.059
0.3	2.3	282.872
0.4	2.3	231.139
0.5	2.3	166.981
0.6	2.3	98.669
0.7	2.3	34.7316
0.8	2.3	0.268954
0.9	2.3	52.6903
1	2.3	329.537
1.1	2.3	1064.01
1.2	2.3	176.672
1.3	2.3	3025.81
1.4	2.3	3421.24
1.6	2.3	3421.24
1.7	2.3	3421.24
1.9	2.3	3421.24
-1.7	2.4	109.211
-1.4	2.4	686.088
-1.3	2.4	1991.98
-1	2.4	26.7818
-0.9	2.4	9.19292
-0.7	2.4	1922.26
-0.6	2.4	914.859
-0.5	2.4	630.491
-0.4	2.4	787.116
-0.3	2.4	536.936
-0.2	2.4	506.399
-0.0999997	2.4	451.442
3.11E-07	2.4	420.757
0.1	2.4	383.72
0.2	2.4	337.797
0.3	2.4	294.816
0.4	2.4	237.414
0.5	2.4	173.806
0.6	2.4	108.595
0.7	2.4	44.2402
0.8	2.4	2.07609
0.9	2.4	34.8669
1	2.4	264.033
1.1	2.4	933.418
1.2	2.4	343.673
1.3	2.4	321.468
1.4	2.4	3421.24
1.5	2.4	3421.24
1.7	2.4	3421.24
2	2.4	3421.24
-1.8	2.5	690.245
-1.7	2.5	7.53211
-1.5	2.5	524.2
-1.4	2.5	3421.24
-1.3	2.5	1181.3
-1.1	2.5	15.5562
-1	2.5	0.152719
-0.9	2.5	82.4295
-0.8	2.5	226.591
-0.7	2.5	3421.24
-0.6	2.5	1008.45
-0.5	2.5	651.962
-0.4	2.5	536.181
-0.3	2.5	540.338
-0.2	2.5	513.957
-0.0999997	2.5	456.534
3.11E-07	2.5	422.927
0.1	2.5	387.165
0.2	2.5	346.122
0.3	2.5	299.923
0.4	2.5	248.275
0.5	2.5	184.208
0.6	2.5	118.452
0.7	2.5	51.9258
0.8	2.5	5.33394
0.9	2.5	21.1173
1	2.5	205.641
1.1	2.5	796.329
1.2	2.5	544.251
1.3	2.5	78.018
1.4	2.5	3421.24
1.5	2.5	3421.24
1.6	2.5	3421.24
1.7	2.5	3421.24
1.9	2.5	3421.24
2	2.5	3421.24
-1.8	2.6	276.421
-1.7	2.6	10.1342
-1.5	2.6	604.063
-1.4	2.6	2761.6
-1.3	2.6	701.56
-1.1	2.6	3.75296
-1	2.6	32.0061
-0.9	2.6	210.752
-0.8	2.6	346.324
-0.7	2.6	372.819
-0.6	2.6	1130.94
-0.5	2.6	671.129
-0.4	2.6	557.015
-0.3	2.6	545.97
-0.2	2.6	500.793
-0.0999997	2.6	452.138
3.11E-07	2.6	425.01
0.1	2.6	390.032
0.2	2.6	352.003
0.3	2.6	304.578
0.4	2.6	253.154
0.5	2.6	194.726
0.6	2.6	128.376
0.7	2.6	62.3836
0.8	2.6	9.79359
0.9	2.6	11.5598
1	2.6	162.04
1.1	2.6	671.553
1.2	2.6	757.69
1.3	2.6	24.3169
1.4	2.6	3421.24
1.5	2.6	3421.24
1.6	2.6	3421.24
1.7	2.6	3421.24
1.9	2.6	3421.24
-1.9	2.7	868.122
-1.8	2.7	78.7674
-1.5	2.7	679.417
-1.4	2.7	1535.92
-1.1	2.7	0.965063
-1	2.7	99.7845
-0.9	2.7	268.573
-0.8	2.7	35.8967
-0.7	2.7	130.152
-0.6	2.7	1337.17
-0.5	2.7	693.154
-0.4	2.7	562.87
-0.3	2.7	556.802
-0.2	2.7	498.97
-0.0999997	2.7	452.883
3.11E-07	2.7	426.83
0.1	2.7	392.335
0.2	2.7	355.18
0.3	2.7	309.135
0.4	2.7	258.805
0.5	2.7	200.634
0.6	2.7	134.28
0.7	2.7	70.4178
0.8	2.7	14.0057
0.9	2.7	5.87224
1	2.7	126
1.1	2.7	563.716
1.2	2.7	924.007
1.3	2.7	7.8092
1.4	2.7	3421.24
1.5	2.7	3421.24
1.6	2.7	3421.24
1.8	2.7	3421.24
1.9	2.7	3421.24
-1.9	2.8	419.384
-1.8	2.8	7.3508
-1.5	2.8	3421.24
-1.4	2.8	912.065
-1.2	2.8	8.42683
-1.1	2.8	13.3161
-1	2.8	160.619
-0.9	2.8	242.031
-0.7	2.8	2.67381
-0.6	2.8	2727.82
-0.5	2.8	720.989
-0.4	2.8	566.447
-0.3	2.8	582.802
-0.2	2.8	498.619
-0.0999997	2.8	473.447
3.11E-07	2.8	428.599
0.1	2.8	386.87
0.2	2.8	358.968
0.3	2.8	318.97
0.4	2.8	269.085
0.5	2.8	210.818
0.6	2.8	143.75
0.7	2.8	78.4458
0.8	2.8	20.0501
0.9	2.8	2.31494
1	2.8	96.4162
1.1	2.8	480.361
1.2	2.8	1032.17
1.3	2.8	0.0455566
1.4	2.8	3421.24
1.5	2.8	3421.24
1.6	2.8	3421.24
1.7	2.8	3421.24
1.8	2.8	3421.24
1.9	2.8	3421.24
2	2.8	3421.24
-2	2.9	1088.28
-1.9	2.9	169.895
-1.8	2.9	5.70914
-1.5	2.9	3073.37
-1.2	2.9	12.687
-1.1	2.9	30.131
-1	2.9	198.422
-0.9	2.9	87.4038
-0.8	2.9	1.01466
-0.7	2.9	344.479
-0.6	2.9	63.4431
-0.5	2.9	760.372
-0.4	2.9	569.561
-0.3	2.9	521.494
-0.2	2.9	498.724
-0.0999997	2.9	474.418
3.11E-07	2.9	430.181
0.1	2.9	397.799
0.2	2.9	362.445
0.3	2.9	322.051
0.4	2.9	273.845
0.5	2.9	216.094
0.6	2.9	153.26
0.7	2.9	86.8783
0.8	2.9	25.1207
0.9	2.9	0.416917
1	2.9	75.1403
1.1	2.9	401.214
1.2	2.9	1057.67
1.3	2.9	12.1266
1.4	2.9	3421.24
1.5	2.9	3421.24
1.6	2.9	3421.24
1.7	2.9	3421.24
1.8	2.9	3421.24
1.9	2.9	3421.24
2	2.9	3421.24
-2	3	599.017
-1.9	3	47.8875
-1.5	3	1655.55
-1.2	3	23.2852
-1.1	3	50.2887
-1	3	184.047
-0.9	3	7.83019
-0.8	3	233.921
-0.7	3	506.835
-0.6	3	437.606
-0.5	3	822.376
-0.4	3	573.292
-0.3	3	522.702
-0.2	3	499.365
-0.0999997	3	475.85
3.11E-07	3	431.728
0.1	3	400.034
0.2	3	365.119
0.3	3	326.998
0.4	3	278.249
0.5	3	220.901
0.6	3	158.363
0.7	3	91.7491
0.8	3	32.5928
0.9	3	0.0260598
1	3	55.0192
1.1	3	334.389
1.2	3	1016.75
1.3	3	59.4277
1.4	3	3296.24
1.5	3	3421.24
1.6	3	3421.24
1.7	3	3421.24
2	3	3421.24
-2	3.1	298.426
-1.9	3.1	3.12611
-1.5	3.1	710.736
-1.3	3.1	52.4933
-1.2	3.1	38.7107
-1.1	3.1	53.7796
-1	3.1	126.887
-0.9	3.1	0.00280672
-0.8	3.1	446.892
-0.7	3.1	609.192
-0.6	3.1	540.989
-0.5	3.1	971.002
-0.4	3.1	578.312
-0.3	3.1	522.217
-0.2	3.1	500.521
-0.0999997	3.1	478.938
3.11E-07	3.1	433.192
0.1	3.1	401.996
0.2	3.1	366.923
0.3	3.1	330.221
0.4	3.1	282.603
0.5	3.1	230.763
0.6	3.1	167.716
0.7	3.1	100.022
0.8	3.1	38.3635
0.9	3.1	0.898122
1	3.1	41.1201
1.1	3.1	278.368
1.2	3.1	954.366
1.3	3.1	131.939
1.4	3.1	2925.63
1.5	3.1	3421.24
1.7	3.1	3421.24
1.8	3.1	3421.24
1.9	3.1	3421.24
2	3.1	3421.24
-2	3.2	124.497
-1.9	3.2	5.46473
-1.5	3.2	203.537
-1.3	3.2	40.3542
-1.2	3.2	61.351
-1.1	3.2	47.0233
-1	3.2	56.8151
-0.9	3.2	6.5038
-0.8	3.2	614.326
-0.7	3.2	677.789
-0.6	3.2	586.782
-0.5	3.2	342.618
-0.4	3.2	585.51
-0.3	3.2	521.936
-0.2	3.2	502.496
-0.0999997	3.2	475.687
3.11E-07	3.2	434.539
0.1	3.2	403.44
0.2	3.2	377.27
0.3	3.2	333.37
0.4	3.2	291.905
0.5	3.2	235.45
0.6	3.2	172.54
0.7	3.2	108.081
0.8	3.2	44.4151
0.9	3.2	2.35912
1	3.2	30.0494
1.1	3.2	236.845
1.2	3.2	861.917
1.3	3.2	227.101
1.4	3.2	2538.7
1.5	3.2	3421.24
1.6	3.2	3421.24
1.7	3.2	3421.24
1.9	3.2	3421.24
2	3.2	3421.24
-2	3.3	36.6757
-1.6	3.3	1629.51
-1.4	3.3	2.51029
-1.3	3.3	50.3885
-1.2	3.3	139.833
-1.1	3.3	60.4884
-1	3.3	28.306
-0.9	3.3	126.748
-0.8	3.3	754.192
-0.7	3.3	725.284
-0.6	3.3	610.88
-0.5	3.3	526.383
-0.4	3.3	595.71
-0.3	3.3	521.93
-0.2	3.3	506.571
-0.0999997	3.3	475.35
3.11E-07	3.3	435.757
0.1	3.3	412.111
0.2	3.3	379.933
0.3	3.3	343.022
0.4	3.3	296.105
0.5	3.3	239.553
0.6	3.3	181.505
0.7	3.3	116.187
0.8	3.3	50.683
0.9	3.3	5.12152
1	3.3	20.9406
1.1	3.3	195.345
1.2	3.3	766.757
1.3	3.3	340.4
1.4	3.3	199.085
1.5	3.3	3421.24
1.6	3.3	3421.24
1.7	3.3	3421.24
1.8	3.3	3421.24
1.9	3.3	3421.24
2	3.3	3421.24
-2	3.4	2.47708
-1.6	3.4	686.344
-1.4	3.4	26.0002
-1.3	3.4	98.1202
-1.2	3.4	489.911
-1.1	3.4	293.444
-1	3.4	89.2771
-0.9	3.4	395.632
-0.8	3.4	873.367
-0.7	3.4	763.248
-0.6	3.4	627.163
-0.5	3.4	553.841
-0.4	3.4	611.443
-0.3	3.4	522.189
-0.2	3.4	519.203
-0.0999997	3.4	475.613
3.11E-07	3.4	436.982
0.1	3.4	414.304
0.2	3.4	382.089
0.3	3.4	345.907
0.4	3.4	299.028
0.5	3.4	249.01
0.6	3.4	186.084
0.7	3.4	120.841
0.8	3.4	56.9691
0.9	3.4	7.71881
1	3.4	13.8112
1.1	3.4	164.142
1.2	3.4	678.594
1.3	3.4	468.499
1.4	3.4	87.9164
1.5	3.4	3421.24
1.6	3.4	3421.24
1.7	3.4	3421.24
1.9	3.4	3421.24
2	3.4	3421.24
-2	3.5	4.2395
-1.6	3.5	230.884
-1.4	3.5	56.6347
-1.3	3.5	132.034
-1.2	3.5	950.484
-1.1	3.5	1262.94
-1	3.5	591.123
-0.9	3.5	684.033
-0.8	3.5	976.095
-0.7	3.5	793.266
-0.6	3.5	637.974
-0.5	3.5	563.889
-0.4	3.5	639.311
-0.3	3.5	522.542
-0.2	3.5	497.632
-0.0999997	3.5	475.837
3.11E-07	3.5	438.163
0.1	3.5	416.057
0.2	3.5	383.641
0.3	3.5	347.924
0.4	3.5	303.026
0.5	3.5	253.163
0.6	3.5	194.846
0.7	3.5	128.973
0.8	3.5	63.463
0.9	3.5	10.8797
1	3.5	8.40227
1.1	3.5	136.887
1.2	3.5	595.629
1.3	3.5	595.723
1.4	3.5	47.6898
1.5	3.5	3421.24
1.6	3.5	3421.24
1.7	3.5	3421.24
1.8	3.5	3421.24
2	3.5	3421.24
-1.6	3.6	32.3608
-1.4	3.6	97.431
-1.3	3.6	111.616
-1.2	3.6	1201.24
-1.1	3.6	2623.47
-1	3.6	1536.78
-0.9	3.6	992.777
-0.8	3.6	1069.03
-0.7	3.6	820.463
-0.6	3.6	646.43
-0.5	3.6	568.816
-0.4	3.6	731.812
-0.3	3.6	523.461
-0.2	3.6	496.219
-0.0999997	3.6	476.197
3.11E-07	3.6	439.211
0.1	3.6	417.545
0.2	3.6	386.59
0.3	3.6	351.561
0.4	3.6	306.615
0.5	3.6	256.912
0.6	3.6	199.324
0.7	3.6	133.183
0.8	3.6	70.101
0.9	3.6	15.5644
1	3.6	4.41474
1.1	3.6	113.826
1.2	3.6	524.195
1.3	3.6	715.563
1.4	3.6	28.2123
1.5	3.6	3421.24
1.6	3.6	3421.24
1.7	3.6	3421.24
-1.6	3.7	4.33854
-1.4	3.7	148.88
-1.3	3.7	62.1464
-1.2	3.7	1380.28
-1.1	3.7	3421.24
-1	3.7	3025.96
-0.9	3.7	1374.99
-0.8	3.7	1155.93
-0.7	3.7	844.709
-0.6	3.7	653.421
-0.5	3.7	571.714
-0.4	3.7	525.913
-0.3	3.7	524.667
-0.2	3.7	495.602
-0.0999997	3.7	476.673
3.11E-07	3.7	440.309
0.1	3.7	419.009
0.2	3.7	388.733
0.3	3.7	354.609
0.4	3.7	309.192
0.5	3.7	260.876
0.6	3.7	203.474
0.7	3.7	141.362
0.8	3.7	73.8957
0.9	3.7	19.3763
1	3.7	2.32817
1.1	3.7	93.8902
1.2	3.7	459.503
1.3	3.7	808.67
1.4	3.7	14.2103
1.5	3.7	3421.24
1.6	3.7	3421.24
1.7	3.7	3421.24
1.8	3.7	3421.24
2	3.7	3421.24
-1.7	3.8	1366.02
-1.6	3.8	67.7357
-1.5	3.8	450.379
-1.4	3.8	208.97
-1.3	3.8	19.7525
-1.2	3.8	1437.53
-1.1	3.8	3421.24
-1	3.8	3421.24
-0.9	3.8	1833.89
-0.8	3.8	1241.74
-0.7	3.8	868.003
-0.6	3.8	660.094
-0.5	3.8	573.486
-0.4	3.8	534.37
-0.3	3.8	526.573
-0.2	3.8	495.192
-0.0999997	3.8	477.21
3.11E-07	3.8	441.286
0.1	3.8	420.103
0.2	3.8	390.771
0.3	3.8	357.019
0.4	3.8	318.365
0.5	3.8	269.26
0.6	3.8	212.118
0.7	3.8	145.467
0.8	3.8	80.6993
0.9	3.8	23.5058
1	3.8	0.611532
1.1	3.8	76.6521
1.2	3.8	394.636
1.3	3.8	873.247
1.4	3.8	3.37708
1.5	3.8	3421.24
1.6	3.8	3421.24
1.8	3.8	3421.24
2	3.8	3421.24
-1.7	3.9	678.086
-1.5	3.9	538.456
-1.4	3.9	274.517
-1.3	3.9	0.493966
-1.2	3.9	1235
-1.1	3.9	3421.24
-1	3.9	3421.24
-0.9	3.9	2412.38
-0.8	3.9	1326.23
-0.7	3.9	892.467
-0.6	3.9	666.13
-0.5	3.9	574.626
-0.4	3.9	535.663
-0.3	3.9	529.199
-0.2	3.9	495.145
-0.0999997	3.9	477.894
3.11E-07	3.9	442.202
0.1	3.9	421.633
0.2	3.9	392.509
0.3	3.9	358.858
0.4	3.9	321.595
0.5	3.9	273.125
0.6	3.9	216.106
0.7	3.9	153.292
0.8	3.9	87.4172
0.9	3.9	27.91
1	3.9	0.0635765
1.1	3.9	61.8714
1.2	3.9	344.452
1.3	3.9	896.399
1.4	3.9	0.380704
1.5	3.9	3421.24
1.6	3.9	3421.24
1.7	3.9	3421.24
1.8	3.9	3421.24
2	3.9	3421.24
-1.7	4	285.568
-1.5	4	611.533
-1.4	4	347.19
-1.3	4	9.71125
-1.2	4	797.044
-1.1	4	3421.24
-1	4	3421.24
-0.9	4	3204.8
-0.8	4	1420.68
-0.7	4	917.369
-0.6	4	672.524
-0.5	4	575.742
-0.4	4	535.719
-0.3	4	533.533
-0.2	4	495.015
-0.0999997	4	478.843
3.11E-07	4	443.043
0.1	4	423.279
0.2	4	394.402
0.3	4	361.557
0.4	4	324.155
0.5	4	276.269
0.6	4	219.605
0.7	4	157.126
0.8	4	91.182
0.9	4	32.612
1	4	0.0693781
1.1	4	48.9131
1.2	4	300.903
1.3	4	888.453
1.4	4	12.2784
1.5	4	3253.59
1.6	4	3421.24
1.7	4	3421.24
-1.7	4.1	84.1658
-1.5	4.1	676.732
-1.4	4.1	417.523
-1.3	4.1	49.8709
-1.2	4.1	317.122
-1.1	4.1	3421.24
-1	4.1	3421.24
-0.9	4.1	3421.24
-0.8	4.1	1531.06
-0.7	4.1	943.159
-0.6	4.1	678.755
-0.5	4.1	576.585
-0.4	4.1	535.465
-0.3	4.1	541.134
-0.2	4.1	495.078
-0.0999997	4.1	480.418
3.11E-07	4.1	443.894
0.1	4.1	424.799
0.2	4.1	395.718
0.3	4.1	363.968
0.4	4.1	326.921
0.5	4.1	279.381
0.6	4.1	228.063
0.7	4.1	165.391
0.8	4.1	98.035
0.9	4.1	37.3664
1	4.1	0.85652
1.1	4.1	40.3094
1.2	4.1	263.415
1.3	4.1	863.234
1.4	4.1	45.8212
1.5	4.1	2981.72
1.6	4.1	3421.24
1.7	4.1	3421.24
1.8	4.1	3421.24
2	4.1	3421.24
-1.7	4.2	6.12063
-1.5	4.2	725.359
-1.4	4.2	481.611
-1.3	4.2	123.567
-1.2	4.2	36.7164
-1.1	4.2	765.24
-1	4.2	3421.24
-0.9	4.2	3421.24
-0.8	4.2	1672.11
-0.7	4.2	972.624
-0.6	4.2	685.503
-0.5	4.2	577.408
-0.4	4.2	534.975
-0.3	4.2	557.789
-0.2	4.2	495.1
-0.0999997	4.2	479.028
3.11E-07	4.2	460.974
0.1	4.2	425.956
0.2	4.2	397.994
0.3	4.2	366.015
0.4	4.2	329.623
0.5	4.2	282.803
0.6	4.2	231.82
0.7	4.2	169.105
0.8	4.2	104.932
0.9	4.2	40.2658
1	4.2	1.95268
1.1	4.2	30.9002
1.2	4.2	236.075
1.3	4.2	820.238
1.4	4.2	92.0945
1.5	4.2	2746.95
1.6	4.2	3421.24
1.8	4.2	3421.24
1.9	4.2	3421.24
2	4.2	3421.24
-1.9	4.3	493.429
-1.8	4.3	2401.96
-1.7	4.3	9.43441
-1.5	4.3	763.867
-1.4	4.3	541.64
-1.3	4.3	221.627
-1.2	4.3	32.3005
-1.1	4.3	28.5301
-1	4.3	1428.57
-0.9	4.3	3421.24
-0.8	4.3	1868.04
-0.7	4.3	1004.54
-0.6	4.3	693.073
-0.5	4.3	578.454
-0.4	4.3	534.346
-0.3	4.3	515.266
-0.2	4.3	495.324
-0.0999997	4.3	478.42
3.11E-07	4.3	461.662
0.1	4.3	427.247
0.2	4.3	399.667
0.3	4.3	373.96
0.4	4.3	331.965
0.5	4.3	290.934
0.6	4.3	234.904
0.7	4.3	172.457
0.8	4.3	108.366
0.9	4.3	45.1045
1	4.3	3.39773
1.1	4.3	23.112
1.2	4.3	205.611
1.3	4.3	753.057
1.4	4.3	151.725
1.5	4.3	2501.25
1.6	4.3	3421.24
1.7	4.3	3421.24
1.8	4.3	3421.24
1.9	4.3	3421.24
-1.9	4.4	545.15
-1.8	4.4	1553.84
-1.7	4.4	59.7902
-1.5	4.4	784.427
-1.4	4.4	582.767
-1.3	4.4	320.34
-1.2	4.4	178.71
-1	4.4	0.303637
-0.9	4.4	748.206
-0.8	4.4	2188.98
-0.7	4.4	1041
-0.6	4.4	701.441
-0.5	4.4	579.438
-0.4	4.4	533.92
-0.3	4.4	514.019
-0.2	4.4	495.691
-0.0999997	4.4	478.291
3.11E-07	4.4	462.135
0.1	4.4	428.272
0.2	4.4	401.198
0.3	4.4	376.131
0.4	4.4	334.588
0.5	4.4	294.062
0.6	4.4	238.491
0.7	4.4	180.224
0.8	4.4	115.424
0.9	4.4	50.2977
1	4.4	5.27697
1.1	4.4	17.8954
1.2	4.4	178.322
1.3	4.4	698.82
1.4	4.4	217.162
1.5	4.4	313.976
1.6	4.4	3421.24
1.7	4.4	3421.24
1.8	4.4	3421.24
1.9	4.4	3421.24
2	4.4	3421.24
-1.9	4.5	602.995
-1.8	4.5	946.885
-1.6	4.5	726.033
-1.5	4.5	788.212
-1.4	4.5	593.959
-1.3	4.5	367.553
-1.2	4.5	1858.07
-1	4.5	21.3637
-0.9	4.5	1.80581
-0.8	4.5	3064.09
-0.7	4.5	1086.63
-0.6	4.5	710.906
-0.5	4.5	580.608
-0.4	4.5	533.556
-0.3	4.5	512.746
-0.2	4.5	495.976
-0.0999997	4.5	478.373
3.11E-07	4.5	462.656
0.1	4.5	429.237
0.2	4.5	409.027
0.3	4.5	377.849
0.4	4.5	336.782
0.5	4.5	296.876
0.6	4.5	241.477
0.7	4.5	183.768
0.8	4.5	118.739
0.9	4.5	55.707
1	4.5	7.42208
1.1	4.5	13.5632
1.2	4.5	154.095
1.3	4.5	632.382
1.4	4.5	292.207
1.5	4.5	181.678
1.6	4.5	3421.24
1.7	4.5	3421.24
1.9	4.5	3421.24
2	4.5	3421.24
-1.9	4.6	660.629
-1.8	4.6	540.556
-1.6	4.6	768.367
-1.5	4.6	777.136
-1.4	4.6	591.867
-1.3	4.6	478.479
-1.2	4.6	635.342
-1.1	4.6	16.4791
-1	4.6	2.27529
-0.9	4.6	179.25
-0.8	4.6	3421.24
-0.7	4.6	1144.8
-0.6	4.6	721.425
-0.5	4.6	582.279
-0.4	4.6	533.172
-0.3	4.6	511.692
-0.2	4.6	496.65
-0.0999997	4.6	478.334
3.11E-07	4.6	463.197
0.1	4.6	430.197
0.2	4.6	410.38
0.3	4.6	379.985
0.4	4.6	345.074
0.5	4.6	299.522
0.6	4.6	249.722
0.7	4.6	187.169
0.8	4.6	122.052
0.9	4.6	58.5985
1	4.6	9.88155
1.1	4.6	8.94501
1.2	4.6	137.08
1.3	4.6	579.305
1.4	4.6	373.645
1.5	4.6	114.355
1.6	4.6	3421.24
1.7	4.6	3421.24
2	4.6	3421.24
-1.9	4.7	726.054
-1.8	4.7	273.522
-1.6	4.7	790.511
-1.5	4.7	776.128
-1.4	4.7	633.788
-1.3	4.7	2473.86
-1.1	4.7	38.0865
-1	4.7	55.8842
-0.9	4.7	330.077
-0.8	4.7	124.496
-0.7	4.7	1222.9
-0.6	4.7	733.254
-0.5	4.7	583.684
-0.4	4.7	532.893
-0.3	4.7	510.91
-0.2	4.7	497.322
-0.0999997	4.7	478.62
3.11E-07	4.7	463.667
0.1	4.7	430.935
0.2	4.7	411.544
0.3	4.7	381.709
0.4	4.7	347.178
0.5	4.7	301.92
0.6	4.7	252.639
0.7	4.7	194.942
0.8	4.7	129.162
0.9	4.7	63.9888
1	4.7	12.6289
1.1	4.7	6.20469
1.2	4.7	117.059
1.3	4.7	520.679
1.4	4.7	453.678
1.5	4.7	78.229
1.6	4.7	3421.24
1.7	4.7	3421.24
1.9	4.7	3421.24
2	4.7	3421.24
-2	4.8	502.013
-1.9	4.8	793.218
-1.8	4.8	114.799
-1.6	4.8	804.85
-1.5	4.8	780.158
-1.4	4.8	697.753
-1.3	4.8	1407.55
-1.1	4.8	22.7867
-1	4.8	120.263
-0.9	4.8	367.268
-0.8	4.8	551.307
-0.7	4.8	1350.51
-0.6	4.8	747.526
-0.5	4.8	585.715
-0.4	4.8	532.744
-0.3	4.8	510.258
-0.2	4.8	498.617
-0.0999997	4.8	478.638
3.11E-07	4.8	464.224
0.1	4.8	431.354
0.2	4.8	412.54
0.3	4.8	383.435
0.4	4.8	349.275
0.5	4.8	304.758
0.6	4.8	255.4
0.7	4.8	197.926
0.8	4.8	132.39
0.9	4.8	69.4872
1	4.8	15.5225
1.1	4.8	3.99134
1.2	4.8	103.284
1.3	4.8	476.412
1.4	4.8	533.646
1.5	4.8	58.7278
1.6	4.8	3421.24
1.7	4.8	3421.24
1.9	4.8	3421.24
2	4.8	3421.24
-2	4.9	544.498
-1.9	4.9	2541.03
-1.8	4.9	29.6374
-1.6	4.9	813.654
-1.5	4.9	794.108
-1.4	4.9	794.334
-1.3	4.9	760.394
-1.1	4.9	4.95476
-1	4.9	169.768
-0.9	4.9	359.235
-0.8	4.9	497.231
-0.7	4.9	1592.47
-0.6	4.9	764.94
-0.5	4.9	587.843
-0.4	4.9	532.62
-0.3	4.9	509.576
-0.2	4.9	500.205
-0.0999997	4.9	478.828
3.11E-07	4.9	464.624
0.1	4.9	432.976
0.2	4.9	413.697
0.3	4.9	384.992
0.4	4.9	351.125
0.5	4.9	307.22
0.6	4.9	258.421
0.7	4.9	201.22
0.8	4.9	139.201
0.9	4.9	72.4807
1	4.9	18.8242
1.1	4.9	2.36017
1.2	4.9	87.501
1.3	4.9	425.494
1.4	4.9	598.234
1.5	4.9	44.0861
1.6	4.9	3421.24
1.7	4.9	3421.24
1.9	4.9	3421.24
2	4.9	3421.24
-2	5	589.589
-1.9	5	1899.31
-1.8	5	0.889294
-1.6	5	820.425
-1.5	5	816.26
-1.4	5	2399.48
-1.3	5	391.802
-1.2	5	15.7725
-1.1	5	0.377932
-1	5	195.777
-0.9	5	321.982
-0.8	5	414.756
-0.7	5	3421.24
-0.6	5	785.181
-0.5	5	590.327
-0.4	5	532.603
-0.3	5	509.088
-0.2	5	503.961
-0.0999997	5	479.05
3.11E-07	5	465.056
0.1	5	433.94
0.2	5	415.283
0.3	5	386.407
0.4	5	353.122
0.5	5	309.538
0.6	5	261.129
0.7	5	204.014
0.8	5	142.36
0.9	5	78.1583
1	5	20.5876
1.1	5	1.16977
1.2	5	76.9732
1.3	5	387.745
1.4	5	656.745
1.5	5	31.1029
1.6	5	3421.24
1.7	5	3421.24
1.9	5	3421.24
2	5	3421.24
-2	5.1	641.253
-1.9	5.1	1328.69
-1.8	5.1	8.60718
-1.6	5.1	825.941
-1.5	5.1	846.641
-1.4	5.1	1717.01
-1.2	5.1	33.0327
-1.1	5.1	9.78547
-1	5.1	205.699
-0.9	5.1	218.472
-0.8	5.1	33.5883
-0.7	5.1	686.763
-0.6	5.1	811.184
-0.5	5.1	593.381
-0.4	5.1	532.478
-0.3	5.1	508.76
-0.2	5.1	499.869
-0.0999997	5.1	479.265
3.11E-07	5.1	465.472
0.1	5.1	434.854
0.2	5.1	416.579
0.3	5.1	387.787
0.4	5.1	355.325
0.5	5.1	317.251
0.6	5.1	268.727
0.7	5.1	211.689
0.8	5.1	145.471
0.9	5.1	80.8435
1	5.1	24.0654
1.1	5.1	0.208634
1.2	5.1	64.1979
1.3	5.1	347.268
1.4	5.1	702.786
1.5	5.1	18.4412
1.6	5.1	3421.24
1.7	5.1	3421.24
1.9	5.1	3421.24
2	5.1	3421.24
-2	5.2	692.571
-1.9	5.2	896.195
-1.7	5.2	599.466
-1.6	5.2	831.033
-1.5	5.2	884.222
-1.4	5.2	1230.89
-1.2	5.2	38.756
-1.1	5.2	25.0926
-1	5.2	201.344
-0.9	5.2	9.3361
-0.8	5.2	3421.24
-0.7	5.2	372.111
-0.6	5.2	848.289
-0.5	5.2	596.931
-0.4	5.2	532.555
-0.3	5.2	508.281
-0.2	5.2	496.021
-0.0999997	5.2	479.466
3.11E-07	5.2	465.863
0.1	5.2	435.74
0.2	5.2	417.771
0.3	5.2	388.853
0.4	5.2	357.231
0.5	5.2	319.207
0.6	5.2	271.592
0.7	5.2	214.743
0.8	5.2	152.328
0.9	5.2	86.6522
1	5.2	27.7594
1.1	5.2	0.00147271
1.2	5.2	55.5044
1.3	5.2	316.567
1.4	5.2	725.943
1.5	5.2	7.91694
1.6	5.2	3421.24
1.7	5.2	3421.24
2	5.2	3421.24
-2	5.3	750.127
-1.9	5.3	574.962
-1.7	5.3	633.243
-1.6	5.3	836.451
-1.5	5.3	3421.24
-1.4	5.3	885.828
-1.2	5.3	34.9732
-1.1	5.3	44.2175
-1	5.3	183.045
-0.9	5.3	43.2405
-0.8	5.3	3421.24
-0.7	5.3	1779.01
-0.6	5.3	906.201
-0.5	5.3	601.294
-0.4	5.3	532.641
-0.3	5.3	508.001
-0.2	5.3	494.726
-0.0999997	5.3	479.771
3.11E-07	5.3	466.285
0.1	5.3	436.605
0.2	5.3	418.864
0.3	5.3	390.734
0.4	5.3	359.04
0.5	5.3	321.941
0.6	5.3	274.067
0.7	5.3	217.359
0.8	5.3	155.375
0.9	5.3	89.3519
1	5.3	31.6401
1.1	5.3	0.152922
1.2	5.3	47.8813
1.3	5.3	282.171
1.4	5.3	746.83
1.5	5.3	1.06014
1.6	5.3	3260.17
1.7	5.3	3421.24
1.9	5.3	3421.24
-2	5.4	2914.86
-1.9	5.4	344.761
-1.7	5.4	657.707
-1.6	5.4	842.978
-1.5	5.4	2957.2
-1.4	5.4	617.233
-1.2	5.4	25.0979
-1.1	5.4	60.6481
-1	5.4	143.898
-0.9	5.4	212.389
-0.8	5.4	17.6229
-0.7	5.4	233.71
-0.6	5.4	1022.67
-0.5	5.4	606.238
-0.4	5.4	532.978
-0.3	5.4	507.669
-0.2	5.4	494.156
-0.0999997	5.4	479.879
3.11E-07	5.4	466.682
0.1	5.4	437.307
0.2	5.4	419.862
0.3	5.4	392.58
0.4	5.4	360.694
0.5	5.4	323.996
0.6	5.4	276.452
0.7	5.4	220.38
0.8	5.4	157.957
0.9	5.4	95.3153
1	5.4	33.6937
1.1	5.4	0.385265
1.2	5.4	40.9483
1.3	5.4	258.955
1.4	5.4	744
1.5	5.4	0.835092
1.6	5.4	3069.28
1.7	5.4	3421.24
1.8	5.4	3421.24
1.9	5.4	3421.24
2	5.4	3421.24
-2	5.5	2229.71
-1.9	5.5	188.823
-1.7	5.5	676.305
-1.6	5.5	849.491
-1.5	5.5	2441.76
-1.4	5.5	419.722
-1.2	5.5	15.6189
-1.1	5.5	74.4235
-1	5.5	94.4461
-0.9	5.5	3264.03
-0.8	5.5	212.687
-0.7	5.5	343.465
-0.6	5.5	1369.45
-0.5	5.5	612.017
-0.4	5.5	533.216
-0.3	5.5	507.421
-0.2	5.5	493.642
-0.0999997	5.5	480.102
3.11E-07	5.5	466.981
0.1	5.5	437.976
0.2	5.5	420.909
0.3	5.5	393.924
0.4	5.5	362.206
0.5	5.5	325.992
0.6	5.5	279.042
0.7	5.5	222.883
0.8	5.5	164.892
0.9	5.5	97.9744
1	5.5	37.6679
1.1	5.5	1.04516
1.2	5.5	32.7564
1.3	5.5	230.965
1.4	5.5	730.279
1.5	5.5	9.76954
1.6	5.5	2922.81
1.7	5.5	3421.24
1.8	5.5	3421.24
-2	5.6	1676.84
-1.9	5.6	83.8127
-1.7	5.6	691.537
-1.6	5.6	858.96
-1.5	5.6	2008.59
-1.3	5.6	6.88102
-1.2	5.6	7.38198
-1.1	5.6	86.9169
-1	5.6	36.7008
-0.9	5.6	505.515
-0.8	5.6	296.359
-0.7	5.6	409.026
-0.6	5.6	745.225
-0.5	5.6	619.224
-0.4	5.6	533.793
-0.3	5.6	507.249
-0.2	5.6	493.413
-0.0999997	5.6	480.458
3.11E-07	5.6	467.336
0.1	5.6	438.735
0.2	5.6	421.739
0.3	5.6	395.163
0.4	5.6	363.675
0.5	5.6	327.837
0.6	5.6	281.299
0.7	5.6	230.384
0.8	5.6	167.809
0.9	5.6	100.645
1	5.6	39.7818
1.1	5.6	2.0029
1.2	5.6	27.2245
1.3	5.6	210.251
1.4	5.6	718.465
1.5	5.6	29.2695
1.6	5.6	2721.88
1.7	5.6	3421.24
1.8	5.6	3421.24
1.9	5.6	3421.24
2	5.6	3421.24
-2	5.7	1224.97
-1.9	5.7	26.2596
-1.7	5.7	703.709
-1.6	5.7	870.528
-1.5	5.7	1664.34
-1.3	5.7	14.7817
-1.2	5.7	1.87298
-1.1	5.7	93.0956
-1	5.7	1.35169
-0.9	5.7	69.0966
-0.8	5.7	354.489
-0.7	5.7	454.545
-0.6	5.7	344.109
-0.5	5.7	627.87
-0.4	5.7	534.259
-0.3	5.7	507.142
-0.2	5.7	493.116
-0.0999997	5.7	480.724
3.11E-07	5.7	467.606
0.1	5.7	439.438
0.2	5.7	422.642
0.3	5.7	396.425
0.4	5.7	364.921
0.5	5.7	329.614
0.6	5.7	283.534
0.7	5.7	232.847
0.8	5.7	170.327
0.9	5.7	106.442
1	5.7	43.9583
1.1	5.7	3.1876
1.2	5.7	22.7301
1.3	5.7	192.499
1.4	5.7	688.08
1.5	5.7	57.8671
1.6	5.7	2562.35
1.7	5.7	3421.24
1.8	5.7	3421.24
2	5.7	3421.24
-2	5.8	878.637
-1.9	5.8	2.40069
-1.7	5.8	712.48
-1.6	5.8	886.212
-1.5	5.8	1380.82
-1.3	5.8	21.6212
-1.2	5.8	0.0370464
-1.1	5.8	95.1597
-1	5.8	14.3616
-0.9	5.8	7.67728
-0.8	5.8	403.655
-0.7	5.8	485.571
-0.6	5.8	446.58
-0.5	5.8	639.112
-0.4	5.8	534.962
-0.3	5.8	506.947
-0.2	5.8	492.892
-0.0999997	5.8	481.04
3.11E-07	5.8	468.041
0.1	5.8	440.025
0.2	5.8	423.427
0.3	5.8	397.583
0.4	5.8	366.792
0.5	5.8	331.535
0.6	5.8	285.625
0.7	5.8	235.244
0.8	5.8	173.148
0.9	5.8	109.036
1	5.8	48.2806
1.1	5.8	4.70068
1.2	5.8	18.4563
1.3	5.8	175.593
1.4	5.8	654.578
1.5	5.8	93.0862
1.6	5.8	2397.56
1.7	5.8	3421.24
1.8	5.8	3421.24
1.9	5.8	3421.24
-2	5.9	602
-1.7	5.9	720.67
-1.6	5.9	901.795
-1.5	5.9	1135.94
-1.3	5.9	27.3257
-1.2	5.9	0.901567
-1.1	5.9	93.3412
-1	5.9	43.9853
-0.9	5.9	68.7717
-0.8	5.9	442.155
-0.7	5.9	507.999
-0.6	5.9	490.732
-0.5	5.9	654.329
-0.4	5.9	535.732
-0.3	5.9	506.804
-0.2	5.9	492.711
-0.0999997	5.9	481.416
3.11E-07	5.9	468.344
0.1	5.9	455.139
0.2	5.9	424.243
0.3	5.9	398.602
0.4	5.9	374.76
0.5	5.9	333.698
0.6	5.9	293.462
0.7	5.9	237.947
0.8	5.9	180.028
0.9	5.9	115.211
1	5.9	50.5111
1.1	5.9	6.38689
1.2	5.9	14.8763
1.3	5.9	154.7
1.4	5.9	618.573
1.5	5.9	131.965
1.6	5.9	384.872
1.7	5.9	3421.24
1.8	5.9	3421.24
2	5.9	3421.24
-2	6	391.974
-1.7	6	727.742
-1.6	6	3421.24
-1.5	6	937.541
-1.3	6	29.353
-1.2	6	4.2736
-1.1	6	85.5337
-1	6	24.2428
-0.9	6	185.633
-0.8	6	472.906
-0.7	6	523.923
-0.6	6	513.089
-0.5	6	678.67
-0.4	6	536.805
-0.3	6	506.782
-0.2	6	492.572
-0.0999997	6	481.969
3.11E-07	6	468.607
0.1	6	455.599
0.2	6	424.869
0.3	6	399.682
0.4	6	376.183
0.5	6	335.471
0.6	6	295.389
0.7	6	240.168
0.8	6	182.422
0.9	6	117.784
1	6	54.9986
1.1	6	7.43722
1.2	6	11.7216
1.3	6	140.558
1.4	6	580.65
1.5	6	176.575
1.6	6	277.567
1.7	6	3421.24
1.8	6	3421.24
1.9	6	3421.24
2	6	3421.24
-2	6.1	241.99
-1.8	6.1	438.272
-1.7	6.1	733.858
-1.6	6.1	3421.24
-1.5	6.1	778.898
-1.3	6.1	29.116
-1.2	6.1	9.05616
-1.1	6.1	77.3787
-0.9	6.1	258.304
-0.8	6.1	498.099
-0.7	6.1	535.996
-0.6	6.1	525.734
-0.5	6.1	732.192
-0.4	6.1	537.995
-0.3	6.1	506.665
-0.2	6.1	492.445
-0.0999997	6.1	482.679
3.11E-07	6.1	468.917
0.1	6.1	456.09
0.2	6.1	425.613
0.3	6.1	400.645
0.4	6.1	377.635
0.5	6.1	337.191
0.6	6.1	297.35
0.7	6.1	242.411
0.8	6.1	185.129
0.9	6.1	120.07
1	6.1	57.0703
1.1	6.1	9.46499
1.2	6.1	8.96492
1.3	6.1	127.948
1.4	6.1	541.436
1.5	6.1	224.962
1.6	6.1	193.281
1.7	6.1	3421.24
1.8	6.1	3421.24
2	6.1	3421.24
-2	6.2	134.511
-1.8	6.2	464.13
-1.7	6.2	742.414
-1.6	6.2	3421.24
-1.5	6.2	648.07
-1.3	6.2	26.8854
-1.2	6.2	14.54
-1.1	6.2	67.2918
-0.9	6.2	314.557
-0.8	6.2	518.562
-0.7	6.2	544.228
-0.6	6.2	533.183
-0.5	6.2	1037.93
-0.4	6.2	539.379
-0.3	6.2	506.63
-0.2	6.2	492.395
-0.0999997	6.2	483.57
3.11E-07	6.2	469.275
0.1	6.2	456.505
0.2	6.2	426.787
0.3	6.2	407.748
0.4	6.2	379.016
0.5	6.2	344.547
0.6	6.2	299.376
0.7	6.2	249.832
0.8	6.2	187.365
0.9	6.2	126.342
1	6.2	61.7545
1.1	6.2	11.7211
1.2	6.2	6.61408
1.3	6.2	115.984
1.4	6.2	495.857
1.5	6.2	272.834
1.6	6.2	146.164
1.7	6.2	3421.24
1.8	6.2	3421.24
1.9	6.2	3421.24
-2	6.3	62.5718
-1.8	6.3	486.973
-1.7	6.3	747.782
-1.6	6.3	3217.69
-1.5	6.3	536.133
-1.3	6.3	22.5869
-1.2	6.3	20.5225
-1.1	6.3	56.5722
-0.9	6.3	361.727
-0.8	6.3	535.493
-0.7	6.3	550.837
-0.6	6.3	538.168
-0.5	6.3	457.772
-0.4	6.3	541.064
-0.3	6.3	506.672
-0.2	6.3	492.239
-0.0999997	6.3	481.843
3.11E-07	6.3	469.485
0.1	6.3	456.726
0.2	6.3	427.64
0.3	6.3	409.184
0.4	6.3	380.216
0.5	6.3	346.101
0.6	6.3	301.292
0.7	6.3	251.927
0.8	6.3	194.25
0.9	6.3	128.571
1	6.3	63.8373
1.1	6.3	12.9065
1.2	6.3	4.73555
1.3	6.3	104.69
1.4	6.3	461.415
1.5	6.3	322.624
1.6	6.3	117.883
1.7	6.3	3421.24
1.8	6.3	3421.24
2	6.3	3421.24
-2	6.4	21.2616
-1.8	6.4	511.26
-1.7	6.4	753.434
-1.6	6.4	2890.69
-1.3	6.4	18.5938
-1.2	6.4	26.6569
-1.1	6.4	49.4764
-0.9	6.4	402.425
-0.8	6.4	549.132
-0.7	6.4	556.411
-0.6	6.4	541.535
-0.5	6.4	510.34
-0.4	6.4	542.998
-0.3	6.4	506.653
-0.2	6.4	492.161
-0.0999997	6.4	481.549
3.11E-07	6.4	469.776
0.1	6.4	456.935
0.2	6.4	428.449
0.3	6.4	410.29
0.4	6.4	381.374
0.5	6.4	347.551
0.6	6.4	303.514
0.7	6.4	254.01
0.8	6.4	196.587
0.9	6.4	130.998
1	6.4	66.0913
1.1	6.4	15.3177
1.2	6.4	3.11687
1.3	6.4	94.6704
1.4	6.4	428.295
1.5	6.4	373.514
1.6	6.4	98.4377
1.7	6.4	3421.24
1.8	6.4	3421.24
1.9	6.4	3421.24
2	6.4	3421.24
-2	6.5	2.24698
-1.8	6.5	529.181
-1.7	6.5	759.471
-1.6	6.5	2604.43
-1.3	6.5	14.5519
-1.2	6.5	33.8971
-1.1	6.5	38.2444
-1	6.5	44.635
-0.9	6.5	437.851
-0.8	6.5	560.247
-0.7	6.5	560.364
-0.6	6.5	543.745
-0.5	6.5	523.249
-0.4	6.5	545.514
-0.3	6.5	506.646
-0.2	6.5	492.038
-0.0999997	6.5	481.367
3.11E-07	6.5	469.995
0.1	6.5	457.868
0.2	6.5	429.216
0.3	6.5	411.364
0.4	6.5	382.505
0.5	6.5	349.135
0.6	6.5	305.322
0.7	6.5	256.483
0.8	6.5	199.075
0.9	6.5	133.508
1	6.5	70.7463
1.1	6.5	18.0469
1.2	6.5	1.89995
1.3	6.5	81.7533
1.4	6.5	398.146
1.5	6.5	416.029
1.6	6.5	84.5005
1.7	6.5	3421.24
1.8	6.5	3421.24
1.9	6.5	3421.24
2	6.5	3421.24
-1.8	6.6	545.926
-1.7	6.6	765.853
-1.6	6.6	2344.08
-1.4	6.6	0.831262
-1.3	6.6	10.7067
-1.2	6.6	39.3621
-1.1	6.6	23.153
-1	6.6	78.9856
-0.9	6.6	468.172
-0.8	6.6	569.779
-0.7	6.6	563.595
-0.6	6.6	545.295
-0.5	6.6	527.922
-0.4	6.6	548.47
-0.3	6.6	506.731
-0.2	6.6	492.109
-0.0999997	6.6	481.374
3.11E-07	6.6	470.368
0.1	6.6	458.406
0.2	6.6	430.058
0.3	6.6	412.297
0.4	6.6	383.499
0.5	6.6	350.678
0.6	6.6	307.037
0.7	6.6	258.48
0.8	6.6	201.262
0.9	6.6	139.549
1	6.6	72.8549
1.1	6.6	19.415
1.2	6.6	1.37963
1.3	6.6	73.0722
1.4	6.6	369.282
1.5	6.6	456.857
1.6	6.6	70.5293
1.7	6.6	3421.24
1.8	6.6	3421.24
1.9	6.6	3421.24
-1.8	6.7	561.202
-1.7	6.7	773.001
-1.6	6.7	2118.36
-1.4	6.7	2.31241
-1.3	6.7	7.22007
-1.2	6.7	44.172
-1.1	6.7	10.5566
-1	6.7	20.9986
-0.9	6.7	495.703
-0.8	6.7	577.349
-0.7	6.7	565.9
-0.6	6.7	546.247
-0.5	6.7	529.689
-0.4	6.7	552.714
-0.3	6.7	506.772
-0.2	6.7	492.095
-0.0999997	6.7	481.435
3.11E-07	6.7	470.59
0.1	6.7	459.021
0.2	6.7	430.705
0.3	6.7	413.174
0.4	6.7	384.908
0.5	6.7	352.545
0.6	6.7	308.586
0.7	6.7	260.422
0.8	6.7	203.75
0.9	6.7	141.718
1	6.7	77.8299
1.1	6.7	22.2739
1.2	6.7	0.637225
1.3	6.7	65.4141
1.4	6.7	343.138
1.5	6.7	502.955
1.6	6.7	59.678
1.7	6.7	3421.24
1.8	6.7	3421.24
1.9	6.7	3421.24
2	6.7	3421.24
-1.8	6.8	574.07
-1.7	6.8	779.812
-1.6	6.8	1914.74
-1.4	6.8	4.53549
-1.3	6.8	4.37131
-1.2	6.8	48.4664
-1.1	6.8	1.88949
-1	6.8	4.87729
-0.9	6.8	519.64
-0.8	6.8	584.221
-0.7	6.8	568.058
-0.6	6.8	546.979
-0.5	6.8	530.609
-0.4	6.8	557.378
-0.3	6.8	507.061
-0.2	6.8	491.973
-0.0999997	6.8	481.417
3.11E-07	6.8	470.788
0.1	6.8	459.449
0.2	6.8	431.388
0.3	6.8	414.137
0.4	6.8	386.214
0.5	6.8	353.918
0.6	6.8	310.42
0.7	6.8	262.293
0.8	6.8	205.851
0.9	6.8	144.077
1	6.8	79.9397
1.1	6.8	23.7325
1.2	6.8	0.196947
1.3	6.8	58.2306
1.4	6.8	318.091
1.5	6.8	537.031
1.6	6.8	47.4783
1.7	6.8	3421.24
1.8	6.8	3421.24
2	6.8	3421.24
-1.8	6.9	587.142
-1.7	6.9	788.608
-1.6	6.9	1736.81
-1.4	6.9	6.37236
-1.3	6.9	1.9268
-1.2	6.9	51.6404
-1.1	6.9	0.207304
-1	6.9	65.4617
-0.9	6.9	540.115
-0.8	6.9	589.602
-0.7	6.9	569.536
-0.6	6.9	547.347
-0.5	6.9	530.875
-0.4	6.9	565.004
-0.3	6.9	507.142
-0.2	6.9	491.996
-0.0999997	6.9	481.429
3.11E-07	6.9	471.051
0.1	6.9	459.76
0.2	6.9	432.085
0.3	6.9	414.998
0.4	6.9	387.352
0.5	6.9	355.347
0.6	6.9	317.624
0.7	6.9	269.637
0.8	6.9	212.589
0.9	6.9	146.414
1	6.9	82.0258
1.1	6.9	26.7966
1.2	6.9	0.00553337
1.3	6.9	54.2606
1.4	6.9	295.678
1.5	6.9	567.874
1.6	6.9	35.9351
1.7	6.9	3347.04
1.8	6.9	3421.24
1.9	6.9	3421.24
2	6.9	3421.24
-1.9	7	365.257
-1.8	7	598.887
-1.7	7	798.36
-1.6	7	1574.44
-1.4	7	7.93833
-1.3	7	0.63546
-1.2	7	54.3849
-1.1	7	5.61192
-1	7	144.442
-0.9	7	558.855
-0.8	7	593.994
-0.7	7	570.454
-0.6	7	547.485
-0.5	7	530.921
-0.4	7	576.971
-0.3	7	507.363
-0.2	7	491.99
-0.0999997	7	481.433
3.11E-07	7	471.33
0.1	7	460.116
0.2	7	432.76
0.3	7	415.818
0.4	7	388.363
0.5	7	356.567
0.6	7	319.22
0.7	7	271.509
0.8	7	214.697
0.9	7	152.311
1	7	86.9056
1.1	7	28.3377
1.2	7	0.0133406
1.3	7	47.8418
1.4	7	274.129
1.5	7	581.987
1.6	7	24.6898
1.7	7	3249.41
1.8	7	3421.24
1.9	7	3421.24
2	7	3421.24
-1.9	7.1	395.508
-1.8	7.1	614.415
-1.7	7.1	3421.24
-1.6	7.1	1430.56
-1.4	7.1	9.19255
-1.3	7.1	0.0473223
-1.2	7.1	56.5544
-1.1	7.1	15.0293
-1	7.1	214.962
-0.9	7.1	574.557
-0.8	7.1	598.049
-0.7	7.1	571.605
-0.6	7.1	547.629
-0.5	7.1	530.66
-0.4	7.1	624.213
-0.3	7.1	507.592
-0.2	7.1	491.923
-0.0999997	7.1	481.554
3.11E-07	7.1	471.477
0.1	7.1	460.539
0.2	7.1	433.437
0.3	7.1	416.63
0.4	7.1	389.497
0.5	7.1	357.866
0.6	7.1	321.147
0.7	7.1	273.349
0.8	7.1	216.636
0.9	7.1	154.575
1	7.1	88.9816
1.1	7.1	31.6221
1.2	7.1	0.210191
1.3	7.1	42.2094
1.4	7.1	254.928
1.5	7.1	600.437
1.6	7.1	15.1805
1.7	7.1	3147.27
1.8	7.1	3421.24
1.9	7.1	3421.24
-1.9	7.2	421.185
-1.8	7.2	626.236
-1.7	7.2	3421.24
-1.6	7.2	1300.26
-1.4	7.2	10.0722
-1.3	7.2	0.0709625
-1.2	7.2	58.0319
-1.1	7.2	25.9112
-1	7.2	269.904
-0.9	7.2	588.073
-0.8	7.2	601.07
-0.7	7.2	572.144
-0.6	7.2	547.607
-0.5	7.2	530.349
-0.4	7.2	512.321
-0.3	7.2	507.915
-0.2	7.2	491.939
-0.0999997	7.2	481.676
3.11E-07	7.2	471.661
0.1	7.2	460.955
0.2	7.2	434.021
0.3	7.2	417.438
0.4	7.2	390.476
0.5	7.2	359.108
0.6	7.2	322.691
0.7	7.2	275.135
0.8	7.2	219.016
0.9	7.2	156.62
1	7.2	91.0396
1.1	7.2	33.0765
1.2	7.2	0.636506
1.3	7.2	36.6827
1.4	7.2	237.702
1.5	7.2	615.103
1.6	7.2	7.25895
1.7	7.2	2988.7
1.8	7.2	3421.24
1.9	7.2	3421.24
-1.9	7.3	445.882
-1.8	7.3	637.223
-1.7	7.3	3421.24
-1.6	7.3	1181.78
-1.4	7.3	10.5338
-1.3	7.3	0.644958
-1.2	7.3	59.3242
-1.1	7.3	32.0072
-1	7.3	316.817
-0.9	7.3	600.187
-0.8	7.3	603.737
-0.7	7.3	572.81
-0.6	7.3	547.424
-0.5	7.3	529.936
-0.4	7.3	518.594
-0.3	7.3	508.255
-0.2	7.3	491.983
-0.0999997	7.3	481.673
3.11E-07	7.3	471.876
0.1	7.3	461.422
0.2	7.3	434.631
0.3	7.3	418.105
0.4	7.3	391.903
0.5	7.3	360.185
0.6	7.3	324.141
0.7	7.3	276.838
0.8	7.3	220.874
0.9	7.3	158.855
1	7.3	96.0855
1.1	7.3	36.5309
1.2	7.3	0.912932
1.3	7.3	32.1446
1.4	7.3	219.945
1.5	7.3	609.879
1.6	7.3	1.48911
1.7	7.3	2880.27
1.8	7.3	3421.24
2	7.3	3421.24
-1.9	7.4	468.434
-1.8	7.4	649.164
-1.7	7.4	3421.24
-1.6	7.4	1076.82
-1.4	7.4	10.7256
-1.3	7.4	1.78626
-1.2	7.4	60.3516
-1.1	7.4	33.1707
-1	7.4	359.432
-0.9	7.4	610.837
-0.8	7.4	606.172
-0.7	7.4	573.24
-0.6	7.4	547.237
-0.5	7.4	529.534
-0.4	7.4	518.693
-0.3	7.4	508.714
-0.2	7.4	491.997
-0.0999997	7.4	481.747
3.11E-07	7.4	472.137
0.1	7.4	461.809
0.2	7.4	435.177
0.3	7.4	418.88
0.4	7.4	392.832
0.5	7.4	361.544
0.6	7.4	325.558
0.7	7.4	278.937
0.8	7.4	222.866
0.9	7.4	165.002
1	7.4	98.1338
1.1	7.4	38.1707
1.2	7.4	1.66158
1.3	7.4	27.6963
1.4	7.4	204.997
1.5	7.4	614.178
1.6	7.4	0.0123583
1.7	7.4	2768.61
1.8	7.4	3421.24
1.9	7.4	3421.24
2	7.4	3421.24
-1.9	7.5	490.737
-1.8	7.5	661.32
-1.7	7.5	3421.24
-1.6	7.5	983.062
-1.4	7.5	10.5291
-1.3	7.5	3.24971
-1.2	7.5	61.3145
-1.1	7.5	31.0068
-1	7.5	395.454
-0.9	7.5	620.613
-0.8	7.5	607.943
-0.7	7.5	573.281
-0.6	7.5	546.982
-0.5	7.5	529.048
-0.4	7.5	518.146
-0.3	7.5	509.094
-0.2	7.5	491.878
-0.0999997	7.5	481.74
3.11E-07	7.5	472.466
0.1	7.5	462.037
0.2	7.5	435.648
0.3	7.5	419.505
0.4	7.5	393.776
0.5	7.5	362.783
0.6	7.5	327.088
0.7	7.5	280.645
0.8	7.5	229.624
0.9	7.5	166.93
1	7.5	100.16
1.1	7.5	41.6455
1.2	7.5	2.62505
1.3	7.5	23.614
1.4	7.5	189.595
1.5	7.5	601.507
1.6	7.5	2.74574
1.7	7.5	2653.4
1.8	7.5	3421.24
1.9	7.5	3421.24
2	7.5	3421.24
-1.9	7.6	515.723
-1.8	7.6	673.133
-1.7	7.6	3421.24
-1.6	7.6	896.178
-1.4	7.6	10.1422
-1.3	7.6	5.76741
-1.2	7.6	63.0456
-1.1	7.6	28.6428
-1	7.6	428.728
-0.9	7.6	628.636
-0.8	7.6	609.62
-0.7	7.6	573.398
-0.6	7.6	546.545
-0.5	7.6	528.64
-0.4	7.6	517.499
-0.3	7.6	509.796
-0.2	7.6	492.029
-0.0999997	7.6	481.79
3.11E-07	7.6	472.538
0.1	7.6	462.182
0.2	7.6	436.139
0.3	7.6	420.145
0.4	7.6	394.568
0.5	7.6	363.97
0.6	7.6	328.507
0.7	7.6	282.306
0.8	7.6	231.493
0.9	7.6	169.205
1	7.6	105.28
1.1	7.6	43.3582
1.2	7.6	3.14354
1.3	7.6	20.0877
1.4	7.6	175.768
1.5	7.6	594
1.6	7.6	10.0026
1.7	7.6	2535.38
1.8	7.6	3421.24
1.9	7.6	3421.24
2	7.6	3421.24
-1.9	7.7	535.468
-1.8	7.7	686.409
-1.7	7.7	3421.24
-1.6	7.7	816.667
-1.4	7.7	9.55039
-1.3	7.7	8.10228
-1.2	7.7	66.2215
-1.1	7.7	28.6479
-1	7.7	460.378
-0.9	7.7	635.847
-0.8	7.7	611.127
-0.7	7.7	573.485
-0.6	7.7	546.293
-0.5	7.7	528.205
-0.4	7.7	516.738
-0.3	7.7	510.611
-0.2	7.7	492.005
-0.0999997	7.7	481.827
3.11E-07	7.7	472.717
0.1	7.7	462.568
0.2	7.7	436.626
0.3	7.7	420.65
0.4	7.7	395.59
0.5	7.7	365.19
0.6	7.7	329.889
0.7	7.7	283.889
0.8	7.7	233.243
0.9	7.7	171.051
1	7.7	107.353
1.1	7.7	44.9012
1.2	7.7	4.3952
1.3	7.7	18.2312
1.4	7.7	163.396
1.5	7.7	574.762
1.6	7.7	24.0247
1.7	7.7	2458.1
1.8	7.7	3421.24
1.9	7.7	3421.24
2	7.7	3421.24
-1.9	7.79999	555.882
-1.8	7.79999	700.423
-1.7	7.79999	3304.18
-1.6	7.79999	746.458
-1.4	7.79999	8.75378
-1.3	7.79999	10.6001
-1.2	7.79999	72.8936
-1.1	7.79999	32.729
-1	7.79999	487.854
-0.9	7.79999	641.727
-0.8	7.79999	612.089
-0.7	7.79999	573.294
-0.6	7.79999	545.9
-0.5	7.79999	527.69
-0.4	7.79999	516.084
-0.3	7.79999	511.577
-0.2	7.79999	492.04
-0.0999997	7.79999	481.966
3.11E-07	7.79999	472.946
0.1	7.79999	462.848
0.2	7.79999	437.177
0.3	7.79999	421.609
0.4	7.79999	396.282
0.5	7.79999	366.271
0.6	7.79999	331.331
0.7	7.79999	285.489
0.8	7.79999	235.07
0.9	7.79999	172.898
1	7.79999	109.091
1.1	7.79999	48.519
1.2	7.79999	5.03651
1.3	7.79999	15.1967
1.4	7.79999	150.662
1.5	7.79999	550.729
1.6	7.79999	42.1507
1.7	7.79999	2334.27
1.8	7.79999	3421.24
1.9	7.79999	3421.24
2	7.79999	3421.24
-1.9	7.89999	575.434
-1.8	7.89999	714.322
-1.7	7.89999	3039.3
-1.4	7.89999	7.88601
-1.3	7.89999	13.3227
-1.2	7.89999	75.7549
-1.1	7.89999	40.6363
-1	7.89999	514.042
-0.9	7.89999	647.84
-0.8	7.89999	612.87
-0.7	7.89999	573.169
-0.6	7.89999	545.422
-0.5	7.89999	527.214
-0.4	7.89999	515.509
-0.3	7.89999	512.666
-0.2	7.89999	492.037
-0.0999997	7.89999	482
3.11E-07	7.89999	473.203
0.1	7.89999	463.211
0.2	7.89999	437.56
0.3	7.89999	422.429
0.4	7.89999	397.107
0.5	7.89999	367.724
0.6	7.89999	332.948
0.7	7.89999	292.555
0.8	7.89999	237.122
0.9	7.89999	179.129
1	7.89999	111.106
1.1	7.89999	50.094
1.2	7.89999	6.48059
1.3	7.89999	12.4773
1.4	7.89999	139.336
1.5	7.89999	526.795
1.6	7.89999	63.7075
1.7	7.89999	2208.95
1.8	7.89999	3421.24
1.9	7.89999	3421.24
2	7.89999	3421.24
-2	7.99999	432.736
-1.9	7.99999	595.107
-1.8	7.99999	730.221
-1.7	7.99999	2792.74
-1.4	7.99999	6.95691
-1.3	7.99999	16.1347
-1.2	7.99999	75.4077
-1.1	7.99999	49.1781
-1	7.99999	537.795
-0.9	7.99999	652.609
-0.8	7.99999	613.527
-0.7	7.99999	572.938
-0.6	7.99999	545.068
-0.5	7.99999	526.7
-0.4	7.99999	514.906
-0.3	7.99999	514.294
-0.2	7.99999	492.173
-0.0999997	7.99999	482.164
3.11E-07	7.99999	473.393
0.1	7.99999	463.547
0.2	7.99999	437.879
0.3	7.99999	423.112
0.4	7.99999	398.075
0.5	7.99999	374.936
0.6	7.99999	334.267
0.7	7.99999	294.141
0.8	7.99999	238.841
0.9	7.99999	181
1	7.99999	116.313
1.1	7.99999	54.089
1.2	7.99999	7.22184
1.3	7.99999	11.2092
1.4	7.99999	128.478
1.5	7.99999	512.741
1.6	7.99999	85.7058
1.7	7.99999	393.141
1.8	7.99999	3421.24
1.9	7.99999	3421.24
2	7.99999	3421.24
-2	8.09999	458.281
-1.9	8.09999	616.91
-1.8	8.09999	749.584
-1.7	8.09999	2564.73
-1.4	8.09999	5.99699
-1.3	8.09999	19.1943
-1.2	8.09999	72.888
-1.1	8.09999	53.4943
-1	8.09999	561.696
-0.9	8.09999	657.045
-0.8	8.09999	614.125
-0.7	8.09999	572.831
-0.6	8.09999	544.625
-0.5	8.09999	526.286
-0.4	8.09999	514.308
-0.3	8.09999	516.48
-0.2	8.09999	492.237
-0.0999997	8.09999	482.233
3.11E-07	8.09999	473.619
0.1	8.09999	463.87
0.2	8.09999	438.456
0.3	8.09999	423.731
0.4	8.09999	398.928
0.5	8.09999	375.904
0.6	8.09999	335.512
0.7	8.09999	295.678
0.8	8.09999	240.582
0.9	8.09999	183.023
1	8.09999	118.356
1.1	8.09999	55.6941
1.2	8.09999	8.9074
1.3	8.09999	8.93174
1.4	8.09999	118.789
1.5	8.09999	486.755
1.6	8.09999	113.189
1.7	8.09999	302.919
1.8	8.09999	3421.24
1.9	8.09999	3421.24
-2	8.2	483.216
-1.9	8.2	635.924
-1.8	8.2	3421.24
-1.7	8.2	2354.61
-1.4	8.2	5.092
-1.3	8.2	22.1983
-1.2	8.2	68.5788
-1.1	8.2	42.72
-1	8.2	580.41
-0.9	8.2	660.721
-0.8	8.2	614.385
-0.7	8.2	572.412
-0.6	8.2	544.104
-0.5	8.2	525.887
-0.4	8.2	513.802
-0.3	8.2	519.626
-0.2	8.2	492.254
-0.0999997	8.2	482.25
3.11E-07	8.2	473.724
0.1	8.2	464.168
0.2	8.2	452.611
0.3	8.2	424.447
0.4	8.2	399.796
0.5	8.2	376.947
0.6	8.2	336.72
0.7	8.2	297.163
0.8	8.2	242.18
0.9	8.2	184.825
1	8.2	120.022
1.1	8.2	57.2761
1.2	8.2	9.74599
1.3	8.2	7.02659
1.4	8.2	109.488
1.5	8.2	459.334
1.6	8.2	139.787
1.7	8.2	243.766
1.8	8.2	3421.24
1.9	8.2	3421.24
-2	8.3	509.991
-1.9	8.3	655.473
-1.8	8.3	3421.24
-1.7	8.3	2155.79
-1.4	8.3	4.14839
-1.3	8.3	25.4076
-1.2	8.3	62.7654
-1.1	8.3	21.8162
-1	8.3	599.197
-0.9	8.3	664
-0.8	8.3	614.946
-0.7	8.3	572.019
-0.6	8.3	543.765
-0.5	8.3	525.378
-0.4	8.3	513.291
-0.3	8.3	525.351
-0.2	8.3	492.291
-0.0999997	8.3	482.274
3.11E-07	8.3	473.823
0.1	8.3	464.493
0.2	8.3	453.097
0.3	8.3	425.085
0.4	8.3	400.611
0.5	8.3	377.883
0.6	8.3	337.854
0.7	8.3	298.667
0.8	8.3	249.009
0.9	8.3	186.818
1	8.3	121.976
1.1	8.3	61.2474
1.2	8.3	11.6473
1.3	8.3	5.27514
1.4	8.3	103.888
1.5	8.3	434.368
1.6	8.3	168.602
1.7	8.3	200.27
1.8	8.3	3421.24
1.9	8.3	3421.24
-2	8.4	531.909
-1.9	8.4	674.975
-1.8	8.4	3421.24
-1.7	8.4	1972.26
-1.5	8.4	10.7462
-1.4	8.4	3.33934
-1.3	8.4	28.515
-1.2	8.4	55.8277
-1.1	8.4	2.54571
-1	8.4	616.665
-0.9	8.4	667.171
-0.8	8.4	615.093
-0.7	8.4	571.677
-0.6	8.4	543.291
-0.5	8.4	524.906
-0.4	8.4	512.769
-0.3	8.4	507.698
-0.2	8.4	492.337
-0.0999997	8.4	482.658
3.11E-07	8.4	474.013
0.1	8.4	464.647
0.2	8.4	453.536
0.3	8.4	425.71
0.4	8.4	407.606
0.5	8.4	378.822
0.6	8.4	344.939
0.7	8.4	300.082
0.8	8.4	250.642
0.9	8.4	188.569
1	8.4	127.396
1.1	8.4	62.8216
1.2	8.4	12.5753
1.3	8.4	4.59074
1.4	8.4	95.3226
1.5	8.4	418.996
1.6	8.4	198.58
1.7	8.4	173.939
1.8	8.4	3421.24
1.9	8.4	3421.24
-2	8.5	553.797
-1.9	8.5	695.97
-1.8	8.5	3421.24
-1.7	8.5	1800.05
-1.5	8.5	8.93366
-1.4	8.5	2.57956
-1.3	8.5	31.6643
-1.2	8.5	48.0902
-1.1	8.5	3.17367
-1	8.5	632.607
-0.9	8.5	669.456
-0.8	8.5	615.283
-0.7	8.5	571.332
-0.6	8.5	542.853
-0.5	8.5	524.546
-0.4	8.5	512.42
-0.3	8.5	506.843
-0.2	8.5	492.493
-0.0999997	8.5	482.745
3.11E-07	8.5	474.195
0.1	8.5	464.911
0.2	8.5	453.973
0.3	8.5	426.293
0.4	8.5	408.484
0.5	8.5	379.657
0.6	8.5	346.084
0.7	8.5	301.385
0.8	8.5	252.212
0.9	8.5	194.517
1	8.5	128.991
1.1	8.5	64.4402
1.2	8.5	14.699
1.3	8.5	3.22607
1.4	8.5	87.6883
1.5	8.5	395.106
1.6	8.5	229.15
1.7	8.5	150.188
1.8	8.5	3421.24
1.9	8.5	3421.24
-2	8.6	573.895
-1.9	8.6	716.431
-1.8	8.6	3421.24
-1.7	8.6	1646.43
-1.5	8.6	7.41319
-1.4	8.6	1.90056
-1.3	8.6	36.7019
-1.2	8.6	39.9224
-1.1	8.6	29.3728
-1	8.6	647.313
-0.9	8.6	671.846
-0.8	8.6	615.107
-0.7	8.6	570.949
-0.6	8.6	542.397
-0.5	8.6	524.125
-0.4	8.6	511.955
-0.3	8.6	505.411
-0.2	8.6	492.551
-0.0999997	8.6	482.718
3.11E-07	8.6	474.349
0.1	8.6	465.035
0.2	8.6	454.374
0.3	8.6	426.941
0.4	8.6	409.309
0.5	8.6	380.727
0.6	8.6	347.333
0.7	8.6	303.19
0.8	8.6	253.778
0.9	8.6	196.476
1	8.6	130.932
1.1	8.6	68.5095
1.2	8.6	15.5909
1.3	8.6	2.70755
1.4	8.6	80.4355
1.5	8.6	371.909
1.6	8.6	262.388
1.7	8.6	134.124
1.8	8.6	3421.24
1.9	8.6	3421.24
-2	8.7	593.645
-1.9	8.7	742.032
-1.8	8.7	3421.24
-1.7	8.7	1493.6
-1.5	8.7	6.13408
-1.4	8.7	1.05428
-1.3	8.7	40.2368
-1.2	8.7	30.288
-1.1	8.7	74.5556
-1	8.7	660.582
-0.9	8.7	673.944
-0.8	8.7	615.194
-0.7	8.7	570.578
-0.6	8.7	541.935
-0.5	8.7	523.621
-0.4	8.7	511.62
-0.3	8.7	504.423
-0.2	8.7	492.649
-0.0999997	8.7	482.823
3.11E-07	8.7	474.465
0.1	8.7	465.247
0.2	8.7	454.717
0.3	8.7	427.459
0.4	8.7	410.028
0.5	8.7	381.701
0.6	8.7	348.406
0.7	8.7	304.49
0.8	8.7	255.635
0.9	8.7	198.153
1	8.7	132.58
1.1	8.7	70.1462
1.2	8.7	17.9022
1.3	8.7	1.7455
1.4	8.7	73.0386
1.5	8.7	349.512
1.6	8.7	288.691
1.7	8.7	121.449
1.8	8.7	3421.24
1.9	8.7	3421.24
2	8.7	3421.24
-2	8.8	616.217
-1.9	8.8	762.862
-1.8	8.8	3421.24
-1.7	8.8	1361.19
-1.5	8.8	4.54935
-1.4	8.8	0.594988
-1.3	8.8	43.9487
-1.2	8.8	22.667
-1.1	8.8	127.573
-1	8.8	672.123
-0.9	8.8	675.443
-0.8	8.8	615.085
-0.7	8.8	570.125
-0.6	8.8	541.605
-0.5	8.8	523.216
-0.4	8.8	511.176
-0.3	8.8	503.701
-0.2	8.8	492.822
-0.0999997	8.8	482.986
3.11E-07	8.8	474.688
0.1	8.8	465.568
0.2	8.8	455.212
0.3	8.8	428.004
0.4	8.8	410.693
0.5	8.8	382.643
0.6	8.8	349.529
0.7	8.8	305.833
0.8	8.8	257.142
0.9	8.8	199.777
1	8.8	138.008
1.1	8.8	71.7548
1.2	8.8	18.9861
1.3	8.8	1.0004
1.4	8.8	69.5902
1.5	8.8	329.449
1.6	8.8	321.424
1.7	8.8	112.229
1.8	8.8	3421.24
1.9	8.8	3421.24
2	8.8	3421.24
-2	8.9	634.681
-1.9	8.9	783.903
-1.8	8.9	3410.12
-1.7	8.9	1230.23
-1.5	8.9	3.72213
-1.4	8.9	0.289372
-1.3	8.9	47.0632
-1.2	8.9	15.7973
-1.1	8.9	181.101
-1	8.9	683.328
-0.9	8.9	676.625
-0.8	8.9	614.736
-0.7	8.9	569.7
-0.6	8.9	541.146
-0.5	8.9	522.839
-0.4	8.9	510.739
-0.3	8.9	503.009
-0.2	8.9	492.835
-0.0999997	8.9	482.984
3.11E-07	8.9	474.759
0.1	8.9	465.872
0.2	8.9	455.53
0.3	8.9	428.586
0.4	8.9	411.414
0.5	8.9	383.616
0.6	8.9	350.674
0.7	8.9	307.199
0.8	8.9	258.701
0.9	8.9	201.713
1	8.9	139.626
1.1	8.9	75.9928
1.2	8.9	21.3381
1.3	8.9	0.737975
1.4	8.9	63.2307
1.5	8.9	317.413
1.6	8.9	346.981
1.7	8.9	101.098
1.8	8.9	3421.24
1.9	8.9	3421.24
2	8.9	3421.24
-2	9	652.417
-1.9	9	806.454
-1.8	9	3094.72
-1.7	9	1117.82
-1.5	9	2.99999
-1.4	9	0.0860723
-1.3	9	51.188
-1.2	9	9.95253
-1.1	9	235.14
-1	9	694.211
-0.9	9	678.048
-0.8	9	614.46
-0.7	9	569.212
-0.6	9	540.597
-0.5	9	522.461
-0.4	9	510.492
-0.3	9	502.477
-0.2	9	492.987
-0.0999997	9	483.064
3.11E-07	9	474.9
0.1	9	466.149
0.2	9	455.841
0.3	9	429.034
0.4	9	412.081
0.5	9	384.43
0.6	9	352.105
0.7	9	308.45
0.8	9	260.164
0.9	9	203.323
1	9	141.503
1.1	9	77.6083
1.2	9	22.499
1.3	9	0.291791
1.4	9	57.6303
1.5	9	298.378
1.6	9	371.025
1.7	9	92.2095
1.8	9	3360.67
1.9	9	3421.24
2	9	3421.24
-2	9.1	669.846
-1.9	9.1	3421.24
-1.8	9.1	2792.13
-1.7	9.1	1004.96
-1.5	9.1	2.4527
-1.4	9.1	0.00342519
-1.3	9.1	55.6783
-1.2	9.1	4.85527
-1.1	9.1	277.46
-1	9.1	702.744
-0.9	9.1	679.019
-0.8	9.1	614.45
-0.7	9.1	568.64
-0.6	9.1	540.208
-0.5	9.1	522.195
-0.4	9.1	510.111
-0.3	9.1	502.086
-0.2	9.1	493.242
-0.0999997	9.1	483.147
3.11E-07	9.1	475.104
0.1	9.1	466.273
0.2	9.1	456.251
0.3	9.1	429.549
0.4	9.1	412.724
0.5	9.1	385.301
0.6	9.1	353.108
0.7	9.1	309.64
0.8	9.1	261.604
0.9	9.1	204.882
1	9.1	143.04
1.1	9.1	79.2376
1.2	9.1	23.4928
1.3	9.1	0.16123
1.4	9.1	54.6592
1.5	9.1	280.083
1.6	9.1	394.838
1.7	9.1	81.5253
1.8	9.1	3265.2
1.9	9.1	3421.24
2	9.1	3421.24
-2	9.2	686.425
-1.9	9.2	3421.24
-1.8	9.2	2508.97
-1.7	9.2	938.742
-1.5	9.2	1.98299
-1.4	9.2	0.0410709
-1.3	9.2	60.9754
-1.2	9.2	1.90111
-1.1	9.2	319.887
-1	9.2	711.073
-0.9	9.2	680.075
-0.8	9.2	614.305
-0.7	9.2	568.312
-0.6	9.2	539.788
-0.5	9.2	521.73
-0.4	9.2	509.808
-0.3	9.2	501.578
-0.2	9.2	493.423
-0.0999997	9.2	483.198
3.11E-07	9.2	475.14
0.1	9.2	466.504
0.2	9.2	456.509
0.3	9.2	430.136
0.4	9.2	413.466
0.5	9.2	386.15
0.6	9.2	354.192
0.7	9.2	310.916
0.8	9.2	263.024
0.9	9.2	211.161
1	9.2	144.963
1.1	9.2	80.832
1.2	9.2	26.2599
1.3	9.2	0.00794491
1.4	9.2	49.1321
1.5	9.2	263.776
1.6	9.2	414.736
1.7	9.2	72.1861
1.8	9.2	3226.1
1.9	9.2	3421.24
2	9.2	3421.24
-2	9.3	703.686
-1.9	9.3	3421.24
-1.8	9.3	2260.39
-1.5	9.3	1.59943
-1.4	9.3	0.203907
-1.3	9.3	67.1752
-1.2	9.3	0.333946
-1.1	9.3	354.992
-1	9.3	718.646
-0.9	9.3	680.521
-0.8	9.3	613.642
-0.7	9.3	567.866
-0.6	9.3	539.391
-0.5	9.3	521.402
-0.4	9.3	509.556
-0.3	9.3	501.315
-0.2	9.3	493.648
-0.0999997	9.3	483.311
3.11E-07	9.3	475.304
0.1	9.3	466.737
0.2	9.3	456.872
0.3	9.3	430.471
0.4	9.3	414.046
0.5	9.3	387.015
0.6	9.3	355.171
0.7	9.3	317.595
0.8	9.3	269.796
0.9	9.3	212.727
1	9.3	150.237
1.1	9.3	85.2297
1.2	9.3	27.2889
1.3	9.3	0.00209268
1.4	9.3	44.2843
1.5	9.3	254.459
1.6	9.3	434.185
1.7	9.3	62.0644
1.8	9.3	3127.52
1.9	9.3	3421.24
-2	9.4	719.135
-1.9	9.4	3421.24
-1.8	9.4	2028.86
-1.5	9.4	1.25205
-1.4	9.4	0.508159
-1.3	9.4	73.5829
-1.2	9.4	0.030733
-1.1	9.4	388.955
-1	9.4	726.133
-0.9	9.4	681.312
-0.8	9.4	613.472
-0.7	9.4	567.39
-0.6	9.4	538.944
-0.5	9.4	521.057
-0.4	9.4	509.185
-0.3	9.4	500.863
-0.2	9.4	493.967
-0.0999997	9.4	483.394
3.11E-07	9.4	475.402
0.1	9.4	466.86
0.2	9.4	457.225
0.3	9.4	431
0.4	9.4	414.64
0.5	9.4	387.734
0.6	9.4	356.085
0.7	9.4	318.803
0.8	9.4	271.128
0.9	9.4	214.22
1	9.4	152.001
1.1	9.4	86.6104
1.2	9.4	30.0153
1.3	9.4	0.112501
1.4	9.4	39.7002
1.5	9.4	239.129
1.6	9.4	453.068
1.7	9.4	51.9555
1.8	9.4	3084.13
1.9	9.4	3421.24
-2	9.5	739.087
-1.9	9.5	3421.24
-1.8	9.5	1812.92
-1.5	9.5	1.0009
-1.4	9.5	0.982197
-1.3	9.5	83.6513
-1.2	9.5	0.977122
-1.1	9.5	418.607
-1	9.5	733.04
-0.9	9.5	681.921
-0.8	9.5	613.197
-0.7	9.5	567.034
-0.6	9.5	538.586
-0.5	9.5	520.744
-0.4	9.5	508.92
-0.3	9.5	500.471
-0.2	9.5	494.18
-0.0999997	9.5	483.465
3.11E-07	9.5	475.486
0.1	9.5	466.621
0.2	9.5	457.56
0.3	9.5	431.483
0.4	9.5	415.198
0.5	9.5	388.587
0.6	9.5	357.109
0.7	9.5	320.32
0.8	9.5	272.521
0.9	9.5	215.735
1	9.5	153.568
1.1	9.5	88.2113
1.2	9.5	31.1372
1.3	9.5	0.217864
1.4	9.5	37.6082
1.5	9.5	224.301
1.6	9.5	467.409
1.7	9.5	42.871
1.8	9.5	2982.98
1.9	9.5	3421.24
-2	9.6	754.552
-1.9	9.6	3421.24
-1.8	9.6	1622.98
-1.5	9.6	0.790158
-1.4	9.6	1.56943
-1.3	9.6	93.105
-1.2	9.6	2.60516
-1.1	9.6	447.394
-1	9.6	738.441
-0.9	9.6	682.174
-0.8	9.6	612.653
-0.7	9.6	566.568
-0.6	9.6	538.183
-0.5	9.6	520.414
-0.4	9.6	508.748
-0.3	9.6	500.312
-0.2	9.6	494.679
-0.0999997	9.6	483.524
3.11E-07	9.6	475.641
0.1	9.6	467.362
0.2	9.6	457.923
0.3	9.6	431.886
0.4	9.6	415.803
0.5	9.6	389.275
0.6	9.6	358.136
0.7	9.6	321.494
0.8	9.6	273.856
0.9	9.6	217.506
1	9.6	155.361
1.1	9.6	89.8261
1.2	9.6	32.3794
1.3	9.6	0.594847
1.4	9.6	33.4661
1.5	9.6	211.022
1.6	9.6	481.03
1.7	9.6	32.7316
1.8	9.6	2934.28
1.9	9.6	3421.24
-2	9.7	770.715
-1.9	9.7	3421.24
-1.8	9.7	1458.99
-1.5	9.7	0.634232
-1.4	9.7	2.35999
-1.3	9.7	103.316
-1.2	9.7	4.67214
-1.1	9.7	473.005
-1	9.7	743.693
-0.9	9.7	682.518
-0.8	9.7	612.207
-0.7	9.7	566.171
-0.6	9.7	537.841
-0.5	9.7	520.057
-0.4	9.7	508.436
-0.3	9.7	500.11
-0.2	9.7	495.163
-0.0999997	9.7	483.466
3.11E-07	9.7	475.786
0.1	9.7	467.638
0.2	9.7	458.06
0.3	9.7	432.396
0.4	9.7	416.353
0.5	9.7	390.053
0.6	9.7	358.975
0.7	9.7	322.659
0.8	9.7	275.178
0.9	9.7	218.929
1	9.7	156.821
1.1	9.7	94.3251
1.2	9.7	35.296
1.3	9.7	0.777715
1.4	9.7	31.5698
1.5	9.7	203.778
1.6	9.7	489.892
1.7	9.7	24.2924
1.8	9.7	2831.37
1.9	9.7	3421.24
2	9.7	3421.24
-2	9.8	785.782
-1.9	9.8	3421.24
-1.8	9.8	1305.66
-1.5	9.8	0.51038
-1.4	9.8	3.32571
-1.3	9.8	109.314
-1.2	9.8	6.93829
-1.1	9.8	498.46
-1	9.8	748.445
-0.9	9.8	682.71
-0.8	9.8	611.81
-0.7	9.8	565.622
-0.6	9.8	537.451
-0.5	9.8	519.871
-0.4	9.8	508.199
-0.3	9.8	499.818
-0.2	9.8	495.965
-0.0999997	9.8	483.581
3.11E-07	9.8	475.86
0.1	9.8	467.949
0.2	9.8	458.444
0.3	9.8	432.732
0.4	9.8	416.769
0.5	9.8	390.86
0.6	9.8	360.042
0.7	9.8	323.751
0.8	9.8	276.491
0.9	9.8	220.467
1	9.8	158.264
1.1	9.8	95.709
1.2	9.8	36.4661
1.3	9.8	1.39932
1.4	9.8	27.8058
1.5	9.8	191.185
1.6	9.8	500.143
1.7	9.8	15.6286
1.8	9.8	2778.35
1.9	9.8	3421.24
2	9.8	3421.24
-2	9.9	801.777
-1.9	9.9	3270.7
-1.8	9.9	1171.95
-1.5	9.9	0.421927
-1.4	9.9	4.55097
-1.3	9.9	114.338
-1.2	9.9	9.33181
-1.1	9.9	522.057
-1	9.9	752.88
-0.9	9.9	683.099
-0.8	9.9	611.498
-0.7	9.9	565.176
-0.6	9.9	536.956
-0.5	9.9	519.565
-0.4	9.9	507.877
-0.3	9.9	499.605
-0.2	9.9	497.121
-0.0999997	9.9	483.633
3.11E-07	9.9	476.041
0.1	9.9	467.999
0.2	9.9	458.644
0.3	9.9	433.138
0.4	9.9	417.494
0.5	9.9	391.908
0.6	9.9	360.98
0.7	9.9	324.916
0.8	9.9	278.135
0.9	9.9	221.85
1	9.9	163.847
1.1	9.9	97.2915
1.2	9.9	37.6007
1.3	9.9	1.66046
1.4	9.9	24.3107
1.5	9.9	178.964
1.6	9.9	493.247
1.7	9.9	9.24657
1.8	9.9	2722.09
1.9	9.9	3421.24
2	9.9	3421.24
-2	10	816.115
-1.9	10	3009.82
-1.8	10	1058.46
-1.5	10	0.351417
-1.4	10	6.69927
-1.3	10	117.974
-1.2	10	11.3593
-1.1	10	544.141
-1	10	757.111
-0.9	10	683.091
-0.8	10	611.087
-0.7	10	564.794
-0.6	10	536.661
-0.5	10	519.148
-0.4	10	507.611
-0.3	10	499.37
-0.2	10	499.593
-0.0999997	10	483.684
3.11E-07	10	476.077
0.1	10	468.34
0.2	10	459.05
0.3	10	433.508
0.4	10	418.114
0.5	10	392.596
0.6	10	361.851
0.7	10	325.971
0.8	10	279.414
0.9	10	223.545
1	10	165.427
1.1	10	98.6501
1.2	10	40.6889
1.3	10	2.45712
1.4	10	22.9857
1.5	10	173.29
1.6	10	497.771
1.7	10	4.23793
1.8	10	2615.85
1.9	10	3421.24
2	10	3421.24
