7.1811e-15
1.44638e-14
3.69267e-15
360
0.256657
3.8392
35.52
46.1609
55.4539
63.6331
70.8522
60.9717
77.9801
88.0818
92.7374
97.0092
100.973
104.693
108.227
111.622
114.925
118.176
121.416
124.687
128.033
131.505
156.124
156.734
157.053
157.233
157.342
157.414
146.499
147.674
148.589
149.178
173.911
174.317
175.52
177.5
180
183.839
188.368
194.057
248.296
244.521
228.783
203.669
257.98
268.082
272.737
277.009
280.973
284.693
288.227
291.622
294.925
298.176
301.416
304.687
336.292
329.725
309.262
293.542
323.411
328.296
334.101
337.414
337.461
337.493
337.514
337.525
