0.018518519
0
0
0
0
0
0
0
0
0
-0.00617284
-0.024691358
-0.024691358
-0.00617284
0
0
0.049382716
0.055555556
0.111111111
0.160493827
0.185185185
0.222222222
0.259259259
0.277777778
0.265432099
0.222222222
0.166666667
0.111111111
0.00617284
-0.055555556
-0.166666667
-0.277777778
-0.37654321
-0.444444444
-0.5
-0.555555556
-0.555555556
-0.5
-0.444444444
-0.339506173
-0.185185185
0
0.166666667
0.388888889
0.567901235
0.75308642
0.888888889
1
1
0.969135802
0.888888889
0.722222222
0.549382716
0.283950617
0.018518519
-0.259259259
-0.5
-0.722222222
-0.888888889
-1
-1.055555556
-1.055555556
-0.975308642
-0.833333333
-0.666666667
-0.469135802
-0.240740741
0
0.259259259
0.450617284
0.611111111
0.777777778
0.87654321
0.888888889
0.888888889
0.833333333
0.722222222
0.611111111
0.444444444
0.277777778
0.080246914
-0.111111111
-0.24691358
-0.388888889
-0.450617284
-0.555555556
-0.555555556
-0.555555556
-0.555555556
-0.49382716
-0.395061728
-0.327160494
-0.191358025
-0.067901235
0.055555556
0.141975309
0.228395062
0.320987654
0.358024691
0.388888889
0.395061728
0.388888889
0.364197531
0.333333333
0.271604938
0.166666667
0.111111111
0.055555556
-0.037037037
-0.111111111
-0.12962963
-0.166666667
-0.172839506
-0.216049383
-0.172839506
-0.166666667
-0.111111111
-0.104938272
-0.055555556
0
0.00617284
0.055555556
0.061728395
0.111111111
0.111111111
0.111111111
0.111111111
0.111111111
0.111111111
0.055555556
0.055555556
0.055555556
0.055555556
0.018518519
0